1.0001
1.00005
1.00003
1.00002
1.00002
1.00003
1.00004
1.00005
1.00006
1.0002
1.00019
1.00017
1.00014
1.0001
1.00006
1.00004
1.00003
1.00003
1.00004
1.00005
1.00007
1.00009
1.00009
1.0001
1.0001
1.00022
1.00025
1.00026
1.00025
1.00022
1.00018
1.00011
1.00007
1.00004
1.00003
1.00003
1.00005
1.00007
1.00009
1.00011
1.00012
1.00013
1.00013
1.00013
1.00013
1.00015
1.0002
1.00026
1.00031
1.00034
1.00035
1.00033
1.00028
1.00021
1.00013
1.00007
1.00004
1.00003
1.00004
1.00006
1.00008
1.00011
1.00013
1.00015
1.00015
1.00016
1.00015
1.00014
1.00014
1.0001
1.00014
1.00021
1.00029
1.00037
1.00044
1.00049
1.00049
1.00043
1.00034
1.00021
1.00012
1.00005
1.00001
1.00001
1.00002
1.00005
1.00009
1.00013
1.00016
1.00018
1.00019
1.00019
1.00018
1.00017
1.00015
1.00014
1.00008
1.00014
1.00021
1.00031
1.00043
1.00055
1.00064
1.00067
1.00063
1.00052
1.00036
1.00018
1.00006
0.999974
0.999933
0.999932
0.999963
1.00001
1.00007
1.00013
1.00017
1.0002
1.00021
1.00022
1.00021
1.00019
1.00017
1.00015
1.00014
1.00001
1.00005
1.00011
1.0002
1.00032
1.00048
1.00064
1.00078
1.00088
1.00088
1.00075
1.00054
1.00026
1.00005
0.999888
0.999785
0.999744
0.999757
0.999812
0.999892
0.999982
1.00007
1.00014
1.00019
1.00022
1.00023
1.00022
1.00021
1.00018
1.00016
1.00014
1.00012
0.999955
0.999973
1.00001
1.00007
1.00016
1.0003
1.00048
1.00068
1.00089
1.00105
1.00111
1.00104
1.00077
1.00041
1.00002
0.999729
0.99952
0.999397
0.999359
0.999395
0.999488
0.999616
0.999757
0.999893
1.00001
1.0001
1.00017
1.0002
1.00021
1.0002
1.00019
1.00016
1.00014
1.00011
0.999926
0.999933
0.999953
1
1.00009
1.00022
1.00041
1.00065
1.00091
1.00115
1.00129
1.00127
1.00105
1.00057
0.999953
0.999483
0.999096
0.998829
0.998683
0.998653
0.998726
0.998879
0.999084
0.999311
0.999537
0.99974
0.99991
1.00004
1.00012
1.00017
1.00018
1.00017
1.00015
1.00013
1.00011
0.99989
0.999881
0.999881
0.999905
0.999967
1.00008
1.00027
1.00052
1.00081
1.00111
1.00134
1.00142
1.00137
1.0008
1.00002
0.999142
0.998491
0.997987
0.997649
0.997477
0.997466
0.997599
0.997848
0.998176
0.998545
0.998918
0.999265
0.999564
0.9998
0.999968
1.00007
1.00013
1.00014
1.00014
1.00012
1.00011
1.0001
0.999867
0.999846
0.999824
0.999797
0.999785
0.999806
0.999879
1.00002
1.00025
1.00054
1.00088
1.00119
1.00137
1.00134
1.00112
1.0001
0.998772
0.997746
0.996864
0.996212
0.995786
0.995589
0.995616
0.995846
0.996246
0.996768
0.997359
0.997965
0.998538
0.999037
0.999438
0.999734
0.99993
1.00005
1.0001
1.00012
1.00011
1.0001
1.00008
0.999853
0.999817
0.999767
0.999706
0.999648
0.99961
0.999613
0.99968
0.999833
1.00008
1.00041
1.00076
1.00104
1.00111
1.00092
1.00032
0.998502
0.996943
0.995546
0.994411
0.993571
0.993041
0.992824
0.992917
0.993301
0.993933
0.994752
0.99568
0.996634
0.997536
0.998323
0.998956
0.999427
0.999746
0.999942
1.00005
1.00009
1.0001
1.00009
1.00008
0.999839
0.999791
0.999716
0.99962
0.999508
0.999395
0.999303
0.999256
0.999286
0.999416
0.999657
0.999984
1.00032
1.00053
1.00046
0.999996
0.998861
0.996297
0.99426
0.992405
0.990942
0.989876
0.989225
0.989004
0.989213
0.989836
0.990818
0.992074
0.993488
0.99493
0.996281
0.997448
0.998382
0.99907
0.999539
0.999831
0.999992
1.00007
1.00009
1.00009
1.00008
0.999833
0.999774
0.999681
0.999549
0.999382
0.999187
0.998981
0.998787
0.998643
0.998586
0.998651
0.998854
0.999163
0.999471
0.999601
0.999377
0.999001
0.996016
0.993238
0.990524
0.988177
0.986292
0.984949
0.984179
0.984004
0.984422
0.985412
0.986904
0.988774
0.990849
0.992932
0.99485
0.996482
0.997766
0.998703
0.999334
0.999726
0.999944
1.00005
1.00009
1.00009
1.00008
0.999836
0.999772
0.999667
0.999508
0.999292
0.999017
0.99869
0.998329
0.997968
0.997657
0.997455
0.997417
0.997571
0.997872
0.998171
0.998219
0.997892
0.996915
0.992821
0.989292
0.985674
0.982592
0.980192
0.978597
0.977831
0.977841
0.978619
0.980127
0.98232
0.985013
0.987934
0.990799
0.993379
0.995518
0.99718
0.998368
0.999165
0.999644
0.999908
1.00003
1.00008
1.00009
1.00009
0.999852
0.999791
0.999679
0.999506
0.999254
0.998914
0.998476
0.997946
0.997349
0.996736
0.996184
0.995785
0.995632
0.995765
0.996109
0.996428
0.996425
0.996964
0.994211
0.988669
0.983762
0.978885
0.974904
0.97205
0.970424
0.970038
0.970527
0.971951
0.974188
0.977329
0.981076
0.98501
0.988754
0.992013
0.994688
0.996692
0.998099
0.999018
0.999573
0.999878
1.00002
1.00008
1.00009
1.00009
0.999878
0.999821
0.999718
0.999546
0.999281
0.9989
0.998379
0.997704
0.996881
0.995949
0.994993
0.994134
0.99352
0.993284
0.993463
0.993897
0.994184
0.994035
0.993546
0.98968
0.982735
0.974946
0.968568
0.96392
0.961013
0.959902
0.96069
0.962483
0.96456
0.967936
0.972358
0.977356
0.98235
0.986992
0.9909
0.993994
0.996292
0.997888
0.998919
0.999534
0.999866
1.00002
1.00008
1.0001
1.00009
0.999915
0.999866
0.99978
0.999626
0.999374
0.998983
0.998422
0.997649
0.996644
0.995419
0.994051
0.992674
0.991474
0.990669
0.990414
0.990674
0.991084
0.990996
0.989955
0.98788
0.980509
0.968877
0.96029
0.953396
0.949333
0.947402
0.947541
0.949681
0.953488
0.957166
0.961927
0.967853
0.974219
0.980259
0.9856
0.990038
0.993503
0.996039
0.997775
0.998879
0.999527
0.999869
1.00003
1.00008
1.0001
1.0001
0.999967
0.999923
0.99986
0.999734
0.999518
0.999161
0.99861
0.997798
0.996682
0.99524
0.993506
0.991609
0.989759
0.988227
0.987265
0.986983
0.987124
0.986873
0.985449
0.981708
0.975269
0.963249
0.94839
0.939983
0.933781
0.929841
0.93136
0.93366
0.93816
0.944093
0.950323
0.956842
0.964519
0.97197
0.978786
0.984695
0.989532
0.993256
0.995945
0.997758
0.998893
0.999545
0.999882
1.00003
1.00009
1.0001
1.00009
0.999978
0.999941
0.999862
0.999701
0.999403
0.998909
0.998142
0.997011
0.995443
0.993447
0.991109
0.988621
0.986285
0.984412
0.983197
0.982606
0.981783
0.979487
0.975306
0.964663
0.952829
0.932856
0.919169
0.910989
0.907295
0.907956
0.913092
0.918371
0.927978
0.93654
0.944567
0.953902
0.962584
0.970784
0.978091
0.984349
0.989412
0.993266
0.996011
0.997834
0.998954
0.999584
0.999901
1.00004
1.00008
1.00009
1.00008
1.00003
1.00002
0.999982
0.999886
0.999678
0.999294
0.998631
0.997564
0.996018
0.993914
0.991247
0.988222
0.985123
0.982269
0.979854
0.977959
0.975972
0.972074
0.966073
0.953994
0.936227
0.914558
0.89166
0.87897
0.873682
0.877488
0.883926
0.894933
0.905835
0.919774
0.931158
0.941984
0.952482
0.96218
0.970919
0.978255
0.984583
0.98969
0.993535
0.996236
0.997998
0.999059
0.99964
0.999925
1.00004
1.00008
1.00009
1.00006
1.00006
1.00008
1.00009
1.00007
0.999976
0.999673
0.999174
0.998302
0.996926
0.994803
0.99204
0.988658
0.984906
0.981177
0.977457
0.973816
0.970367
0.96467
0.954897
0.941089
0.917646
0.889508
0.862123
0.837104
0.829168
0.835483
0.845557
0.865207
0.881244
0.900805
0.917655
0.930758
0.942115
0.95324
0.963113
0.971985
0.979184
0.985384
0.990349
0.994048
0.996606
0.998241
0.9992
0.999712
0.999953
1.00005
1.00007
1.00008
1.0001
1.0001
1.00014
1.00017
1.00017
1.00007
0.999786
0.999024
0.9979
0.996086
0.993393
0.989813
0.985704
0.98132
0.976637
0.971341
0.965477
0.957924
0.945293
0.926893
0.900473
0.864758
0.829861
0.800449
0.783023
0.782779
0.795875
0.822335
0.848755
0.876195
0.896725
0.915186
0.932028
0.94549
0.955829
0.965261
0.973941
0.980786
0.986658
0.991332
0.994764
0.99709
0.99854
0.999366
0.999791
0.999984
1.00005
1.00007
1.00008
1.00011
1.00016
1.00021
1.00028
1.00028
1.00015
0.999797
0.99905
0.997419
0.995033
0.991694
0.987376
0.982392
0.977337
0.971009
0.96304
0.953311
0.938162
0.914482
0.882771
0.84358
0.797678
0.762648
0.736015
0.727076
0.738798
0.768696
0.80253
0.841392
0.872414
0.896432
0.917488
0.93507
0.949346
0.959591
0.968281
0.976544
0.982864
0.988291
0.992555
0.99562
0.997643
0.998866
0.99954
0.999872
1.00001
1.00006
1.00008
1.00007
1.0001
1.00016
1.00022
1.00029
1.00033
1.00037
1.0002
0.999697
0.998707
0.997037
0.993724
0.989564
0.984337
0.979232
0.972782
0.963886
0.952135
0.934721
0.906574
0.869665
0.824153
0.772815
0.727939
0.68872
0.670949
0.677316
0.703776
0.74286
0.791732
0.836606
0.871601
0.901147
0.924248
0.941587
0.956191
0.963788
0.971859
0.979585
0.985295
0.990173
0.993919
0.996541
0.998217
0.999193
0.999706
0.999946
1.00004
1.00006
1.00007
1.00011
1.00014
1.0002
1.00027
1.00033
1.00036
1.00026
0.999892
0.999383
0.998112
0.996076
0.992753
0.986662
0.981553
0.974919
0.966972
0.955131
0.936354
0.906406
0.864115
0.812305
0.754888
0.702481
0.651968
0.616459
0.612164
0.632474
0.673127
0.726907
0.784789
0.837279
0.877855
0.909556
0.932565
0.9492
0.960998
0.968341
0.975901
0.982886
0.987883
0.992162
0.995322
0.997456
0.998766
0.999494
0.999855
1.00001
1.00006
1.00006
1.00005
1.00011
1.00016
1.00023
1.0003
1.00033
1.00027
0.999981
0.999409
0.998284
0.996437
0.994263
0.989861
0.983785
0.977159
0.969657
0.959593
0.942865
0.912909
0.866371
0.809695
0.747874
0.689745
0.629974
0.582408
0.560289
0.568772
0.602349
0.657421
0.722539
0.789724
0.845592
0.888205
0.921393
0.944011
0.958912
0.966045
0.973288
0.980271
0.986285
0.990545
0.994124
0.996661
0.998299
0.999254
0.999751
0.999976
1.00006
1.00007
1.00007
1.00005
1.0001
1.00013
1.00018
1.00024
1.00028
1.00023
1.00001
0.999475
0.998443
0.996723
0.994231
0.991071
0.985618
0.979158
0.972186
0.963344
0.950082
0.925346
0.88284
0.824634
0.75496
0.692888
0.627902
0.569361
0.53174
0.524618
0.54656
0.593753
0.659793
0.731833
0.801318
0.857434
0.899634
0.932654
0.953536
0.964028
0.971324
0.978231
0.98477
0.989215
0.993077
0.995917
0.99784
0.999012
0.999649
0.99995
1.00006
1.00009
1.00008
1.00006
1.0001
1.00014
1.00018
1.00021
1.00018
1
0.999538
0.998616
0.997032
0.994622
0.991298
0.98735
0.981106
0.974371
0.966542
0.955467
0.93572
0.901281
0.853228
0.783011
0.711705
0.645306
0.580874
0.531267
0.507123
0.515235
0.551304
0.607789
0.678747
0.750472
0.817938
0.870817
0.913266
0.945028
0.960468
0.969393
0.976514
0.98298
0.988543
0.992234
0.99529
0.997424
0.998785
0.999557
0.999936
1.00009
1.00012
1.00011
1.00009
1.00007
1.00009
1.00011
1.00014
1.00016
1.00014
0.999993
0.99961
0.998817
0.997405
0.995185
0.992033
0.988276
0.982706
0.976241
0.969112
0.960336
0.945429
0.914655
0.873343
0.820204
0.759057
0.683371
0.611975
0.555177
0.518438
0.509967
0.532732
0.582355
0.646947
0.709868
0.783384
0.85053
0.90158
0.935725
0.955771
0.966856
0.974688
0.981399
0.987658
0.991572
0.994792
0.997059
0.998575
0.999468
0.999925
1.00012
1.00016
1.00015
1.00011
1.00008
1.00008
1.00011
1.00012
1.00011
1
0.9997
0.999054
0.997853
0.995879
0.992967
0.989037
0.984549
0.978019
0.971103
0.963869
0.953375
0.933324
0.902249
0.861359
0.806741
0.73865
0.668293
0.602719
0.555559
0.533036
0.539428
0.576532
0.634388
0.700607
0.760221
0.826778
0.882893
0.925037
0.951012
0.963695
0.972511
0.979479
0.985907
0.991324
0.994404
0.996711
0.998368
0.999369
0.999899
1.00014
1.00021
1.00019
1.00015
1.00011
1.00008
1.00008
1.0001
1.0001
1.00009
1.00002
0.999803
0.999311
0.998352
0.996695
0.994121
0.990498
0.986208
0.98023
0.973261
0.965932
0.959005
0.94402
0.921895
0.891281
0.850496
0.796586
0.731986
0.668724
0.614793
0.58158
0.572239
0.593405
0.641258
0.696442
0.756715
0.816664
0.869119
0.912845
0.94351
0.96018
0.970001
0.977497
0.984229
0.99006
0.994263
0.996668
0.998149
0.999275
0.999866
1.00015
1.00025
1.00024
1.00019
1.00014
1.0001
1.00009
1.00008
1.00008
1.00004
0.9999
0.999553
0.998841
0.997543
0.995411
0.992244
0.987966
0.98302
0.976161
0.968506
0.960838
0.949615
0.933303
0.911252
0.881371
0.84277
0.793161
0.737932
0.686327
0.64704
0.627352
0.632432
0.665493
0.713838
0.764759
0.820761
0.871206
0.909163
0.937728
0.955607
0.967374
0.975227
0.981701
0.986772
0.99251
0.995778
0.997893
0.999174
0.999878
1.00012
1.00026
1.00027
1.00022
1.00017
1.00012
1.0001
1.00008
1.00007
1.00006
0.999974
0.999751
0.99926
0.998314
0.996673
0.994083
0.990364
0.985537
0.979915
0.972301
0.963941
0.955647
0.942942
0.926022
0.903673
0.875524
0.843593
0.801635
0.755334
0.717513
0.690919
0.686836
0.704438
0.741754
0.785405
0.833774
0.878201
0.911896
0.937207
0.953406
0.964499
0.973153
0.979251
0.984409
0.989409
0.993339
0.996692
0.998439
0.999477
1.00002
1.00025
1.00025
1.00024
1.00019
1.00014
1.0001
1.00006
1.00008
1.00006
1.00002
0.999891
0.999579
0.998937
0.997759
0.995793
0.992789
0.988586
0.983212
0.97696
0.96878
0.95973
0.949695
0.937006
0.920126
0.899774
0.875884
0.849007
0.811844
0.78066
0.752513
0.741724
0.750554
0.776065
0.811641
0.854763
0.891355
0.921072
0.941521
0.955242
0.964292
0.971676
0.977727
0.982644
0.98726
0.991454
0.994703
0.997034
0.998799
0.999624
1.00003
1.00019
1.00023
1.00019
1.00014
1.00011
1.00006
1.00006
1.00005
0.999979
0.999796
0.999392
0.998604
0.997214
0.994965
0.991619
0.987029
0.981235
0.974498
0.965949
0.956378
0.945646
0.933547
0.917544
0.899379
0.881184
0.856732
0.833007
0.808374
0.795823
0.795816
0.813875
0.843024
0.876342
0.908824
0.933368
0.949749
0.960259
0.967217
0.97243
0.977293
0.981652
0.98582
0.989766
0.993187
0.995856
0.997682
0.998877
0.999678
1
1.00012
1.00015
1.00014
1.0001
1.0001
1.00005
1.00005
1.00003
0.999931
0.999697
0.999208
0.998292
0.996726
0.994261
0.990674
0.985834
0.97977
0.972695
0.96405
0.954237
0.943379
0.93119
0.920236
0.904255
0.885868
0.873985
0.855894
0.846591
0.842967
0.853731
0.874005
0.904202
0.925516
0.946918
0.959535
0.967295
0.972215
0.975203
0.978363
0.981756
0.985237
0.988794
0.992058
0.994744
0.996781
0.998212
0.99911
0.999641
0.999954
1.00006
1.00009
1.00008
1.00006
1.00005
1.00006
1.00005
1.00001
0.999886
0.999607
0.999047
0.998033
0.996346
0.993752
0.990048
0.985113
0.978943
0.971654
0.963452
0.953926
0.943822
0.933841
0.922986
0.910603
0.900915
0.891329
0.886063
0.884667
0.889067
0.900754
0.923064
0.943016
0.95914
0.97012
0.974643
0.97762
0.979325
0.980892
0.983021
0.985639
0.988547
0.991436
0.99401
0.996061
0.997569
0.998612
0.999296
0.999685
0.999893
0.999988
1.00004
1.00004
1.00006
1.00006
1.00004
0.99999
0.999848
0.999536
0.99893
0.997859
0.996119
0.993495
0.989807
0.984953
0.978942
0.971905
0.963976
0.955461
0.947106
0.939882
0.930558
0.923308
0.918279
0.913993
0.914583
0.918385
0.926739
0.939688
0.958072
0.968817
0.978273
0.981725
0.983321
0.983809
0.98423
0.985252
0.986938
0.989099
0.991449
0.993687
0.995604
0.997115
0.998207
0.998956
0.999433
0.999729
0.999883
0.999962
1
1.00006
1.00006
1.00004
0.99998
0.999825
0.999495
0.998869
0.99779
0.996069
0.993518
0.989983
0.985387
0.979759
0.973245
0.966117
0.95887
0.95292
0.946993
0.941558
0.937714
0.93578
0.934835
0.938783
0.94524
0.955072
0.966675
0.978192
0.983862
0.98712
0.988117
0.98811
0.987887
0.988094
0.988943
0.990341
0.992062
0.993853
0.9955
0.996872
0.997929
0.998702
0.999226
0.999564
0.999769
0.999886
0.999949
1.00006
1.00006
1.00004
0.999977
0.999819
0.999488
0.998875
0.997834
0.996203
0.993822
0.990567
0.986393
0.981361
0.975651
0.969726
0.964119
0.959708
0.956197
0.953094
0.95101
0.950727
0.952826
0.957094
0.96399
0.97222
0.982527
0.989098
0.99091
0.991899
0.991869
0.991419
0.991156
0.991369
0.992088
0.993186
0.994469
0.995749
0.996893
0.997833
0.998554
0.999077
0.999435
0.999671
0.999814
0.999896
0.999951
1.00006
1.00006
1.00004
0.999983
0.999831
0.999519
0.998946
0.997988
0.996509
0.994379
0.991503
0.98786
0.983545
0.978888
0.974241
0.970149
0.966962
0.964878
0.963592
0.96288
0.963892
0.96667
0.971102
0.976974
0.983221
0.990316
0.99418
0.994677
0.994755
0.994478
0.994077
0.993906
0.994101
0.994647
0.99543
0.996311
0.997167
0.99792
0.998535
0.999013
0.999359
0.999599
0.999756
0.99985
0.999904
1.00006
1.00007
1.00005
0.999998
0.999863
0.999584
0.999076
0.998236
0.996951
0.995097
0.99266
0.989659
0.986218
0.982602
0.979154
0.97624
0.974116
0.972861
0.972498
0.972827
0.974287
0.976895
0.980503
0.984858
0.98933
0.994436
0.997164
0.996808
0.996852
0.996575
0.996266
0.996129
0.996245
0.996593
0.99709
0.997641
0.998175
0.998646
0.999036
0.99934
0.999564
0.99972
0.999818
0.999875
1.00007
1.00007
1.00006
1.00002
0.999909
0.999673
0.999233
0.998526
0.997458
0.995962
0.994025
0.991678
0.989071
0.986412
0.98396
0.981947
0.980553
0.979847
0.979825
0.980488
0.981891
0.98401
0.986735
0.98996
0.993181
0.997043
0.998113
0.998512
0.998506
0.998246
0.99796
0.997794
0.997804
0.997972
0.99824
0.99855
0.998859
0.99914
0.999379
0.999568
0.999708
0.999802
0.999858
1.00007
1.00008
1.00007
1.00004
0.999954
0.999764
0.999419
0.998863
0.998035
0.996893
0.995431
0.993703
0.991827
0.989961
0.988279
0.986934
0.986032
0.985637
0.985766
0.986423
0.987586
0.989231
0.991305
0.993746
0.996305
0.999078
0.999573
0.999834
0.999734
0.999445
0.999138
0.998926
0.998844
0.998876
0.998986
0.999138
0.999305
0.999466
0.999608
0.999719
0.999802
0.999852
1.00007
1.00008
1.00009
1.00007
1.00001
0.999869
0.999619
0.999213
0.998611
0.997788
0.99675
0.995544
0.994256
0.992998
0.991883
0.991009
0.990449
0.99025
0.990428
0.990983
0.991903
0.993181
0.994828
0.996671
0.999018
1.00045
1.00062
1.00071
1.00051
1.00018
0.999857
0.999614
0.999474
0.999423
0.99944
0.999501
0.999585
0.999674
0.999753
0.999813
0.999856
1.00007
1.00009
1.0001
1.00009
1.00006
0.999973
0.999807
0.999534
0.999126
0.99857
0.997874
0.997073
0.996227
0.995407
0.994688
0.994134
0.993797
0.993712
0.993894
0.994349
0.995078
0.996079
0.997332
0.999036
1.00043
1.00103
1.00124
1.00117
1.00089
1.00055
1.00022
0.999976
0.999814
0.999728
0.999701
0.999717
0.999755
0.9998
0.999828
0.999861
1.00008
1.0001
1.00011
1.00012
1.00011
1.00006
0.999966
0.999799
0.999543
0.99919
0.998748
0.99824
0.997704
0.997185
0.996731
0.996387
0.99619
0.996171
0.996344
0.996719
0.997299
0.998094
0.999031
1.00025
1.00121
1.00143
1.00147
1.00129
1.00098
1.00065
1.00035
1.00013
0.999973
0.999883
0.999844
0.999841
0.999855
0.999873
1.0001
1.00011
1.00012
1.00013
1.00014
1.00013
1.00008
0.999992
0.999845
0.999636
0.999368
0.999058
0.998728
0.998405
0.998123
0.997912
0.997804
0.997823
0.997984
0.998298
0.998764
0.999369
1.00018
1.0009
1.00144
1.0015
1.00142
1.00118
1.00089
1.0006
1.00035
1.00016
1.00003
0.999956
0.99992
0.999909
0.99991
1.0001
1.00012
1.00014
1.00016
1.00017
1.00015
1.00011
1.00004
0.999921
0.999766
0.999581
0.99938
0.999181
0.999006
0.998879
0.998827
0.99887
0.99902
0.999283
0.999657
1.0001
1.00068
1.00113
1.00133
1.00135
1.0012
1.00097
1.00071
1.00048
1.00028
1.00014
1.00004
0.999987
0.999957
0.999942
1.00011
1.00013
1.00014
1.00016
1.00018
1.00019
1.00018
1.00014
1.00008
0.999991
0.999881
0.999757
0.999633
0.999525
0.999453
0.999438
0.999494
0.99963
0.999846
1.00013
1.0005
1.00084
1.0011
1.00116
1.0011
1.00093
1.00073
1.00053
1.00035
1.00021
1.00011
1.00004
1
1.00012
1.00014
1.00016
1.00018
1.00019
1.00019
1.00018
1.00015
1.00009
1.00003
0.99995
0.999872
0.999808
0.999771
0.999778
0.999839
0.999956
1.00013
1.00034
1.00061
1.0008
1.00091
1.00092
1.00082
1.00068
1.00052
1.00037
1.00024
1.00015
1.00008
1.00004
1.00012
1.00014
1.00015
1.00016
1.00018
1.00018
1.00018
1.00016
1.00013
1.00008
1.00003
0.999985
0.999948
0.999934
0.999952
1.00001
1.00011
1.00024
1.00041
1.00057
1.00067
1.00071
1.00068
1.00058
1.00047
1.00035
1.00025
1.00017
1.00011
1.00013
1.00013
1.00015
1.00016
1.00016
1.00016
1.00014
1.00012
1.00009
1.00006
1.00003
1.00001
1.00001
1.00003
1.00008
1.00016
1.00025
1.00038
1.00047
1.00052
1.00052
1.00047
1.0004
1.00032
1.00025
1.00018
1.00012
1.00013
1.00014
1.00014
1.00013
1.00012
1.0001
1.00008
1.00006
1.00004
1.00003
1.00003
1.00005
1.00009
1.00015
1.00024
1.00031
1.00036
1.00038
1.00037
1.00034
1.00029
1.00023
1.00011
1.00011
1.00011
1.0001
1.00008
1.00007
1.00005
1.00004
1.00003
1.00004
1.00005
1.00009
1.00013
1.0002
1.00024
1.00028
1.00029
1.00027
1.00025
1.00009
1.00008
1.00006
1.00006
1.00004
1.00003
1.00003
1.00003
1.00005
1.00007
1.00013
1.00016
1.0002
1.00022
1.00004
1.00003
1.00002
1.00002
1.00003
1.00005
1.0001
1.00005
1.00003
1.00002
1.00002
1.00003
1.00004
1.00005
1.00006
1.0002
1.00019
1.00017
1.00014
1.0001
1.00006
1.00004
1.00003
1.00003
1.00004
1.00005
1.00007
1.00009
1.00009
1.0001
1.0001
1.00022
1.00025
1.00026
1.00025
1.00022
1.00018
1.00011
1.00007
1.00004
1.00003
1.00003
1.00005
1.00007
1.00009
1.00011
1.00012
1.00013
1.00013
1.00013
1.00013
1.00015
1.0002
1.00026
1.00031
1.00034
1.00035
1.00033
1.00028
1.00021
1.00013
1.00007
1.00004
1.00003
1.00004
1.00006
1.00008
1.00011
1.00013
1.00015
1.00015
1.00016
1.00015
1.00014
1.00014
1.0001
1.00014
1.00021
1.00029
1.00037
1.00044
1.00049
1.00049
1.00043
1.00034
1.00021
1.00012
1.00005
1.00001
1.00001
1.00002
1.00005
1.00009
1.00013
1.00016
1.00018
1.00019
1.00019
1.00018
1.00017
1.00015
1.00014
1.00008
1.00014
1.00021
1.00031
1.00043
1.00055
1.00064
1.00067
1.00063
1.00052
1.00036
1.00018
1.00006
0.999974
0.999933
0.999932
0.999963
1.00001
1.00007
1.00013
1.00017
1.0002
1.00021
1.00022
1.00021
1.00019
1.00017
1.00015
1.00014
1.00001
1.00005
1.00011
1.0002
1.00032
1.00048
1.00064
1.00078
1.00088
1.00088
1.00075
1.00054
1.00026
1.00005
0.999888
0.999785
0.999744
0.999757
0.999812
0.999892
0.999982
1.00007
1.00014
1.00019
1.00022
1.00023
1.00022
1.00021
1.00018
1.00016
1.00014
1.00012
0.999955
0.999973
1.00001
1.00007
1.00016
1.0003
1.00048
1.00068
1.00089
1.00105
1.00111
1.00104
1.00077
1.00041
1.00002
0.999729
0.99952
0.999397
0.999359
0.999395
0.999488
0.999616
0.999757
0.999893
1.00001
1.0001
1.00017
1.0002
1.00021
1.0002
1.00019
1.00016
1.00014
1.00011
0.999926
0.999933
0.999953
1
1.00009
1.00022
1.00041
1.00065
1.00091
1.00115
1.00129
1.00127
1.00105
1.00057
0.999953
0.999483
0.999096
0.998829
0.998683
0.998653
0.998726
0.998879
0.999084
0.999311
0.999537
0.99974
0.99991
1.00004
1.00012
1.00017
1.00018
1.00017
1.00015
1.00013
1.00011
0.99989
0.999881
0.999881
0.999905
0.999967
1.00008
1.00027
1.00052
1.00081
1.00111
1.00134
1.00142
1.00137
1.0008
1.00002
0.999142
0.998491
0.997987
0.997649
0.997477
0.997466
0.997599
0.997848
0.998176
0.998545
0.998918
0.999265
0.999564
0.9998
0.999968
1.00007
1.00013
1.00014
1.00014
1.00012
1.00011
1.0001
0.999867
0.999846
0.999824
0.999797
0.999785
0.999806
0.999879
1.00002
1.00025
1.00054
1.00088
1.00119
1.00137
1.00134
1.00112
1.0001
0.998772
0.997746
0.996864
0.996212
0.995786
0.995589
0.995616
0.995846
0.996246
0.996768
0.997359
0.997965
0.998538
0.999037
0.999438
0.999734
0.99993
1.00005
1.0001
1.00012
1.00011
1.0001
1.00008
0.999853
0.999817
0.999767
0.999706
0.999648
0.99961
0.999613
0.99968
0.999833
1.00008
1.00041
1.00076
1.00104
1.00111
1.00092
1.00032
0.998502
0.996943
0.995546
0.994411
0.993571
0.993041
0.992824
0.992917
0.993301
0.993933
0.994752
0.99568
0.996634
0.997536
0.998323
0.998956
0.999427
0.999746
0.999942
1.00005
1.00009
1.0001
1.00009
1.00008
0.999839
0.999791
0.999716
0.99962
0.999508
0.999395
0.999303
0.999256
0.999286
0.999416
0.999657
0.999984
1.00032
1.00053
1.00046
0.999996
0.998861
0.996297
0.99426
0.992405
0.990942
0.989876
0.989225
0.989004
0.989213
0.989836
0.990818
0.992074
0.993488
0.99493
0.996281
0.997448
0.998382
0.99907
0.999539
0.999831
0.999992
1.00007
1.00009
1.00009
1.00008
0.999833
0.999774
0.999681
0.999549
0.999382
0.999187
0.998981
0.998787
0.998643
0.998586
0.998651
0.998854
0.999163
0.999471
0.999601
0.999377
0.999001
0.996016
0.993238
0.990524
0.988177
0.986292
0.984949
0.984179
0.984004
0.984422
0.985412
0.986904
0.988774
0.990849
0.992932
0.99485
0.996482
0.997766
0.998703
0.999334
0.999726
0.999944
1.00005
1.00009
1.00009
1.00008
0.999836
0.999772
0.999667
0.999508
0.999292
0.999017
0.99869
0.998329
0.997968
0.997657
0.997455
0.997417
0.997571
0.997872
0.998171
0.998219
0.997892
0.996915
0.992821
0.989292
0.985674
0.982592
0.980192
0.978597
0.977831
0.977841
0.978619
0.980127
0.98232
0.985013
0.987934
0.990799
0.993379
0.995518
0.99718
0.998368
0.999165
0.999644
0.999908
1.00003
1.00008
1.00009
1.00009
0.999852
0.999791
0.999679
0.999506
0.999254
0.998914
0.998476
0.997946
0.997349
0.996736
0.996184
0.995785
0.995632
0.995765
0.996109
0.996428
0.996425
0.996964
0.994211
0.988669
0.983762
0.978885
0.974904
0.97205
0.970424
0.970038
0.970527
0.971951
0.974188
0.977329
0.981076
0.98501
0.988754
0.992013
0.994688
0.996692
0.998099
0.999018
0.999573
0.999878
1.00002
1.00008
1.00009
1.00009
0.999878
0.999821
0.999718
0.999546
0.999281
0.9989
0.998379
0.997704
0.996881
0.995949
0.994993
0.994134
0.99352
0.993284
0.993463
0.993897
0.994184
0.994035
0.993546
0.98968
0.982735
0.974946
0.968568
0.96392
0.961013
0.959902
0.96069
0.962483
0.96456
0.967936
0.972358
0.977356
0.98235
0.986992
0.9909
0.993994
0.996292
0.997888
0.998919
0.999534
0.999866
1.00002
1.00008
1.0001
1.00009
0.999915
0.999866
0.99978
0.999626
0.999374
0.998983
0.998422
0.997649
0.996644
0.995419
0.994051
0.992674
0.991474
0.990669
0.990414
0.990674
0.991084
0.990996
0.989955
0.98788
0.980509
0.947402
0.947541
0.949681
0.953488
0.957166
0.961927
0.967853
0.974219
0.980259
0.9856
0.990038
0.993503
0.996039
0.997775
0.998879
0.999527
0.999869
1.00003
1.00008
1.0001
1.0001
0.999967
0.999923
0.99986
0.999734
0.999518
0.999161
0.99861
0.997798
0.996682
0.99524
0.993506
0.991609
0.989759
0.988227
0.987265
0.986983
0.987124
0.986873
0.985449
0.93816
0.944093
0.950323
0.956842
0.964519
0.97197
0.978786
0.984695
0.989532
0.993256
0.995945
0.997758
0.998893
0.999545
0.999882
1.00003
1.00009
1.0001
1.00009
0.999978
0.999941
0.999862
0.999701
0.999403
0.998909
0.998142
0.997011
0.995443
0.993447
0.991109
0.988621
0.986285
0.984412
0.983197
0.982606
0.981783
0.93654
0.944567
0.953902
0.962584
0.970784
0.978091
0.984349
0.989412
0.993266
0.996011
0.997834
0.998954
0.999584
0.999901
1.00004
1.00008
1.00009
1.00008
1.00003
1.00002
0.999982
0.999886
0.999678
0.999294
0.998631
0.997564
0.996018
0.993914
0.991247
0.988222
0.985123
0.982269
0.979854
0.977959
0.975972
0.941984
0.952482
0.96218
0.970919
0.978255
0.984583
0.98969
0.993535
0.996236
0.997998
0.999059
0.99964
0.999925
1.00004
1.00008
1.00009
1.00006
1.00006
1.00008
1.00009
1.00007
0.999976
0.999673
0.999174
0.998302
0.996926
0.994803
0.99204
0.988658
0.984906
0.981177
0.977457
0.973816
0.970367
0.942115
0.95324
0.963113
0.971985
0.979184
0.985384
0.990349
0.994048
0.996606
0.998241
0.9992
0.999712
0.999953
1.00005
1.00007
1.00008
1.0001
1.0001
1.00014
1.00017
1.00017
1.00007
0.999786
0.999024
0.9979
0.996086
0.993393
0.989813
0.985704
0.98132
0.976637
0.971341
0.94549
0.955829
0.965261
0.973941
0.980786
0.986658
0.991332
0.994764
0.99709
0.99854
0.999366
0.999791
0.999984
1.00005
1.00007
1.00008
1.00011
1.00016
1.00021
1.00028
1.00028
1.00015
0.999797
0.99905
0.997419
0.995033
0.991694
0.987376
0.982392
0.977337
0.971009
0.949346
0.959591
0.968281
0.976544
0.982864
0.988291
0.992555
0.99562
0.997643
0.998866
0.99954
0.999872
1.00001
1.00006
1.00008
1.00007
1.0001
1.00016
1.00022
1.00029
1.00033
1.00037
1.0002
0.999697
0.998707
0.997037
0.993724
0.989564
0.984337
0.979232
0.972782
0.956191
0.963788
0.971859
0.979585
0.985295
0.990173
0.993919
0.996541
0.998217
0.999193
0.999706
0.999946
1.00004
1.00006
1.00007
1.00011
1.00014
1.0002
1.00027
1.00033
1.00036
1.00026
0.999892
0.999383
0.998112
0.996076
0.992753
0.986662
0.981553
0.974919
0.966972
0.960998
0.968341
0.975901
0.982886
0.987883
0.992162
0.995322
0.997456
0.998766
0.999494
0.999855
1.00001
1.00006
1.00006
1.00005
1.00011
1.00016
1.00023
1.0003
1.00033
1.00027
0.999981
0.999409
0.998284
0.996437
0.994263
0.989861
0.983785
0.977159
0.969657
0.966045
0.973288
0.980271
0.986285
0.990545
0.994124
0.996661
0.998299
0.999254
0.999751
0.999976
1.00006
1.00007
1.00007
1.00005
1.0001
1.00013
1.00018
1.00024
1.00028
1.00023
1.00001
0.999475
0.998443
0.996723
0.994231
0.991071
0.985618
0.979158
0.972186
0.964028
0.971324
0.978231
0.98477
0.989215
0.993077
0.995917
0.99784
0.999012
0.999649
0.99995
1.00006
1.00009
1.00008
1.00006
1.0001
1.00014
1.00018
1.00021
1.00018
1
0.999538
0.998616
0.997032
0.994622
0.991298
0.98735
0.981106
0.974371
0.966542
0.969393
0.976514
0.98298
0.988543
0.992234
0.99529
0.997424
0.998785
0.999557
0.999936
1.00009
1.00012
1.00011
1.00009
1.00007
1.00009
1.00011
1.00014
1.00016
1.00014
0.999993
0.99961
0.998817
0.997405
0.995185
0.992033
0.988276
0.982706
0.976241
0.969112
0.966856
0.974688
0.981399
0.987658
0.991572
0.994792
0.997059
0.998575
0.999468
0.999925
1.00012
1.00016
1.00015
1.00011
1.00008
1.00008
1.00011
1.00012
1.00011
1
0.9997
0.999054
0.997853
0.995879
0.992967
0.989037
0.984549
0.978019
0.971103
0.963869
0.972511
0.979479
0.985907
0.991324
0.994404
0.996711
0.998368
0.999369
0.999899
1.00014
1.00021
1.00019
1.00015
1.00011
1.00008
1.00008
1.0001
1.0001
1.00009
1.00002
0.999803
0.999311
0.998352
0.996695
0.994121
0.990498
0.986208
0.98023
0.973261
0.965932
0.970001
0.977497
0.984229
0.99006
0.994263
0.996668
0.998149
0.999275
0.999866
1.00015
1.00025
1.00024
1.00019
1.00014
1.0001
1.00009
1.00008
1.00008
1.00004
0.9999
0.999553
0.998841
0.997543
0.995411
0.992244
0.987966
0.98302
0.976161
0.968506
0.960838
0.967374
0.975227
0.981701
0.986772
0.99251
0.995778
0.997893
0.999174
0.999878
1.00012
1.00026
1.00027
1.00022
1.00017
1.00012
1.0001
1.00008
1.00007
1.00006
0.999974
0.999751
0.99926
0.998314
0.996673
0.994083
0.990364
0.985537
0.979915
0.972301
0.963941
0.955647
0.964499
0.973153
0.979251
0.984409
0.989409
0.993339
0.996692
0.998439
0.999477
1.00002
1.00025
1.00025
1.00024
1.00019
1.00014
1.0001
1.00006
1.00008
1.00006
1.00002
0.999891
0.999579
0.998937
0.997759
0.995793
0.992789
0.988586
0.983212
0.97696
0.96878
0.95973
0.949695
0.971676
0.977727
0.982644
0.98726
0.991454
0.994703
0.997034
0.998799
0.999624
1.00003
1.00019
1.00023
1.00019
1.00014
1.00011
1.00006
1.00006
1.00005
0.999979
0.999796
0.999392
0.998604
0.997214
0.994965
0.991619
0.987029
0.981235
0.974498
0.965949
0.956378
0.945646
0.967217
0.97243
0.977293
0.981652
0.98582
0.989766
0.993187
0.995856
0.997682
0.998877
0.999678
1
1.00012
1.00015
1.00014
1.0001
1.0001
1.00005
1.00005
1.00003
0.999931
0.999697
0.999208
0.998292
0.996726
0.994261
0.990674
0.985834
0.97977
0.972695
0.96405
0.954237
0.943379
0.972215
0.975203
0.978363
0.981756
0.985237
0.988794
0.992058
0.994744
0.996781
0.998212
0.99911
0.999641
0.999954
1.00006
1.00009
1.00008
1.00006
1.00005
1.00006
1.00005
1.00001
0.999886
0.999607
0.999047
0.998033
0.996346
0.993752
0.990048
0.985113
0.978943
0.971654
0.963452
0.953926
0.943822
0.933841
0.97762
0.979325
0.980892
0.983021
0.985639
0.988547
0.991436
0.99401
0.996061
0.997569
0.998612
0.999296
0.999685
0.999893
0.999988
1.00004
1.00004
1.00006
1.00006
1.00004
0.99999
0.999848
0.999536
0.99893
0.997859
0.996119
0.993495
0.989807
0.984953
0.978942
0.971905
0.963976
0.955461
0.947106
0.939882
0.981725
0.983321
0.983809
0.98423
0.985252
0.986938
0.989099
0.991449
0.993687
0.995604
0.997115
0.998207
0.998956
0.999433
0.999729
0.999883
0.999962
1
1.00006
1.00006
1.00004
0.99998
0.999825
0.999495
0.998869
0.99779
0.996069
0.993518
0.989983
0.985387
0.979759
0.973245
0.966117
0.95887
0.95292
0.946993
0.941558
0.983862
0.98712
0.988117
0.98811
0.987887
0.988094
0.988943
0.990341
0.992062
0.993853
0.9955
0.996872
0.997929
0.998702
0.999226
0.999564
0.999769
0.999886
0.999949
1.00006
1.00006
1.00004
0.999977
0.999819
0.999488
0.998875
0.997834
0.996203
0.993822
0.990567
0.986393
0.981361
0.975651
0.969726
0.964119
0.959708
0.956197
0.953094
0.95101
0.950727
0.952826
0.957094
0.96399
0.97222
0.982527
0.989098
0.99091
0.991899
0.991869
0.991419
0.991156
0.991369
0.992088
0.993186
0.994469
0.995749
0.996893
0.997833
0.998554
0.999077
0.999435
0.999671
0.999814
0.999896
0.999951
1.00006
1.00006
1.00004
0.999983
0.999831
0.999519
0.998946
0.997988
0.996509
0.994379
0.991503
0.98786
0.983545
0.978888
0.974241
0.970149
0.966962
0.964878
0.963592
0.96288
0.963892
0.96667
0.971102
0.976974
0.983221
0.990316
0.99418
0.994677
0.994755
0.994478
0.994077
0.993906
0.994101
0.994647
0.99543
0.996311
0.997167
0.99792
0.998535
0.999013
0.999359
0.999599
0.999756
0.99985
0.999904
1.00006
1.00007
1.00005
0.999998
0.999863
0.999584
0.999076
0.998236
0.996951
0.995097
0.99266
0.989659
0.986218
0.982602
0.979154
0.97624
0.974116
0.972861
0.972498
0.972827
0.974287
0.976895
0.980503
0.984858
0.98933
0.994436
0.997164
0.996808
0.996852
0.996575
0.996266
0.996129
0.996245
0.996593
0.99709
0.997641
0.998175
0.998646
0.999036
0.99934
0.999564
0.99972
0.999818
0.999875
1.00007
1.00007
1.00006
1.00002
0.999909
0.999673
0.999233
0.998526
0.997458
0.995962
0.994025
0.991678
0.989071
0.986412
0.98396
0.981947
0.980553
0.979847
0.979825
0.980488
0.981891
0.98401
0.986735
0.98996
0.993181
0.997043
0.998113
0.998512
0.998506
0.998246
0.99796
0.997794
0.997804
0.997972
0.99824
0.99855
0.998859
0.99914
0.999379
0.999568
0.999708
0.999802
0.999858
1.00007
1.00008
1.00007
1.00004
0.999954
0.999764
0.999419
0.998863
0.998035
0.996893
0.995431
0.993703
0.991827
0.989961
0.988279
0.986934
0.986032
0.985637
0.985766
0.986423
0.987586
0.989231
0.991305
0.993746
0.996305
0.999078
0.999573
0.999834
0.999734
0.999445
0.999138
0.998926
0.998844
0.998876
0.998986
0.999138
0.999305
0.999466
0.999608
0.999719
0.999802
0.999852
1.00007
1.00008
1.00009
1.00007
1.00001
0.999869
0.999619
0.999213
0.998611
0.997788
0.99675
0.995544
0.994256
0.992998
0.991883
0.991009
0.990449
0.99025
0.990428
0.990983
0.991903
0.993181
0.994828
0.996671
0.999018
1.00045
1.00062
1.00071
1.00051
1.00018
0.999857
0.999614
0.999474
0.999423
0.99944
0.999501
0.999585
0.999674
0.999753
0.999813
0.999856
1.00007
1.00009
1.0001
1.00009
1.00006
0.999973
0.999807
0.999534
0.999126
0.99857
0.997874
0.997073
0.996227
0.995407
0.994688
0.994134
0.993797
0.993712
0.993894
0.994349
0.995078
0.996079
0.997332
0.999036
1.00043
1.00103
1.00124
1.00117
1.00089
1.00055
1.00022
0.999976
0.999814
0.999728
0.999701
0.999717
0.999755
0.9998
0.999828
0.999861
1.00008
1.0001
1.00011
1.00012
1.00011
1.00006
0.999966
0.999799
0.999543
0.99919
0.998748
0.99824
0.997704
0.997185
0.996731
0.996387
0.99619
0.996171
0.996344
0.996719
0.997299
0.998094
0.999031
1.00025
1.00121
1.00143
1.00147
1.00129
1.00098
1.00065
1.00035
1.00013
0.999973
0.999883
0.999844
0.999841
0.999855
0.999873
1.0001
1.00011
1.00012
1.00013
1.00014
1.00013
1.00008
0.999992
0.999845
0.999636
0.999368
0.999058
0.998728
0.998405
0.998123
0.997912
0.997804
0.997823
0.997984
0.998298
0.998764
0.999369
1.00018
1.0009
1.00144
1.0015
1.00142
1.00118
1.00089
1.0006
1.00035
1.00016
1.00003
0.999956
0.99992
0.999909
0.99991
1.0001
1.00012
1.00014
1.00016
1.00017
1.00015
1.00011
1.00004
0.999921
0.999766
0.999581
0.99938
0.999181
0.999006
0.998879
0.998827
0.99887
0.99902
0.999283
0.999657
1.0001
1.00068
1.00113
1.00133
1.00135
1.0012
1.00097
1.00071
1.00048
1.00028
1.00014
1.00004
0.999987
0.999957
0.999942
1.00011
1.00013
1.00014
1.00016
1.00018
1.00019
1.00018
1.00014
1.00008
0.999991
0.999881
0.999757
0.999633
0.999525
0.999453
0.999438
0.999494
0.99963
0.999846
1.00013
1.0005
1.00084
1.0011
1.00116
1.0011
1.00093
1.00073
1.00053
1.00035
1.00021
1.00011
1.00004
1
1.00012
1.00014
1.00016
1.00018
1.00019
1.00019
1.00018
1.00015
1.00009
1.00003
0.99995
0.999872
0.999808
0.999771
0.999778
0.999839
0.999956
1.00013
1.00034
1.00061
1.0008
1.00091
1.00092
1.00082
1.00068
1.00052
1.00037
1.00024
1.00015
1.00008
1.00004
1.00012
1.00014
1.00015
1.00016
1.00018
1.00018
1.00018
1.00016
1.00013
1.00008
1.00003
0.999985
0.999948
0.999934
0.999952
1.00001
1.00011
1.00024
1.00041
1.00057
1.00067
1.00071
1.00068
1.00058
1.00047
1.00035
1.00025
1.00017
1.00011
1.00013
1.00013
1.00015
1.00016
1.00016
1.00016
1.00014
1.00012
1.00009
1.00006
1.00003
1.00001
1.00001
1.00003
1.00008
1.00016
1.00025
1.00038
1.00047
1.00052
1.00052
1.00047
1.0004
1.00032
1.00025
1.00018
1.00012
1.00013
1.00014
1.00014
1.00013
1.00012
1.0001
1.00008
1.00006
1.00004
1.00003
1.00003
1.00005
1.00009
1.00015
1.00024
1.00031
1.00036
1.00038
1.00037
1.00034
1.00029
1.00023
1.00011
1.00011
1.00011
1.0001
1.00008
1.00007
1.00005
1.00004
1.00003
1.00004
1.00005
1.00009
1.00013
1.0002
1.00024
1.00028
1.00029
1.00027
1.00025
1.00009
1.00008
1.00006
1.00006
1.00004
1.00003
1.00003
1.00003
1.00005
1.00007
1.00013
1.00016
1.0002
1.00022
1.00004
1.00003
1.00002
1.00002
1.00003
1.00005
