2.57144e-05
2.98758e-05
3.33497e-05
3.57679e-05
3.68572e-05
3.64904e-05
3.47108e-05
3.17232e-05
2.7856e-05
2.47095e-05
3.30224e-05
4.24016e-05
5.231e-05
6.20033e-05
7.06111e-05
7.72608e-05
8.12221e-05
8.20384e-05
7.96138e-05
7.42314e-05
6.6499e-05
5.72362e-05
4.7332e-05
3.76069e-05
2.87083e-05
3.20081e-05
4.54216e-05
6.1929e-05
8.11248e-05
0.000102104
0.000123469
0.00014345
0.00016013
0.000171741
0.000176971
0.000175211
0.000166665
0.000152321
0.000133752
0.000112842
9.1468e-05
7.12353e-05
5.33028e-05
3.83206e-05
2.64694e-05
2.34144e-05
3.67211e-05
5.5332e-05
8.0106e-05
0.000111425
0.000148911
0.000191206
0.000235886
0.000279597
0.000318413
0.0003484
0.000366263
0.000369944
0.00035901
0.000334739
0.000299871
0.000258101
0.000213439
0.000169584
0.000129457
9.495e-05
6.69102e-05
4.5302e-05
2.94693e-05
2.24022e-05
3.73061e-05
5.96896e-05
9.17583e-05
0.000135525
0.000192319
0.000262213
0.00034349
0.000432316
0.000522778
0.000607382
0.000678007
0.000727168
0.000749314
0.000741858
0.000705677
0.00064494
0.000566319
0.000477783
0.000387284
0.000301617
0.000225689
0.000162253
0.000112074
7.43778e-05
4.74254e-05
2.9054e-05
3.35581e-05
5.7013e-05
9.30632e-05
0.000145952
0.000219923
0.000318391
0.000442871
0.000591865
0.00075997
0.000937558
0.00111129
0.00126557
0.00138476
0.00145575
0.00147038
0.00142693
0.00133046
0.00119187
0.00102585
0.000848338
0.000674033
0.000514543
0.00037739
0.000265942
0.000180058
0.000117129
7.32061e-05
4.39599e-05
2.53627e-05
2.67241e-05
4.821e-05
8.35602e-05
0.000139152
0.000222642
0.000342259
0.00050551
0.000717352
0.000978056
0.00128122
0.00161254
0.00194997
0.00226554
0.00252897
0.00271234
0.00279494
0.00276713
0.00263218
0.00240563
0.00211237
0.00178213
0.00144457
0.00112503
0.000841821
0.000605205
0.000418036
0.00027743
0.000176897
0.000108372
6.37881e-05
3.60738e-05
1.96007e-05
1.88376e-05
3.60842e-05
6.64105e-05
0.000117431
0.000199508
0.00032566
0.000510737
0.000769588
0.00111416
0.00154976
0.00207114
0.0026594
0.00328084
0.0038888
0.00442867
0.00484574
0.00509418
0.00514538
0.00499331
0.00465573
0.00417076
0.00358981
0.00296863
0.00235867
0.00180056
0.00132062
0.000930623
0.000630085
0.000409876
0.000256173
0.000153831
8.87528e-05
4.91981e-05
2.62025e-05
2.39017e-05
4.67096e-05
8.77024e-05
0.000158214
0.000274225
0.000456665
0.000730661
0.00112321
0.00165897
0.00235418
0.00320975
0.00420466
0.00529199
0.00639934
0.00743497
0.00829949
0.00890127
0.00917236
0.00908109
0.0086382
0.00789472
0.00693232
0.00584855
0.00474074
0.0036921
0.00276266
0.00198614
0.0013719
0.00091046
0.000580535
0.000355651
0.000209338
0.000118386
6.43251e-05
3.35806e-05
2.90678e-05
5.79529e-05
0.000111011
0.000204308
0.000361272
0.000613777
0.00100188
0.00157126
0.0023676
0.00342765
0.00476776
0.00637176
0.0081815
0.0100933
0.0119637
0.0136246
0.0149077
0.015672
0.0158295
0.0153617
0.0143231
0.0128311
0.0110439
0.00913283
0.00725634
0.00553934
0.00406281
0.00286302
0.00193842
0.00126096
0.000788105
0.000473253
0.000273043
0.000151355
8.06107e-05
4.12492e-05
2.02799e-05
1.60009e-05
3.38738e-05
6.88991e-05
0.000134645
0.000252811
0.000456068
0.000790482
0.00131638
0.0021062
0.00323778
0.00478214
0.00678617
0.00925244
0.0121204
0.0152547
0.0184467
0.021432
0.0239241
0.0256588
0.0264402
0.0261772
0.0249005
0.0227573
0.0199831
0.016859
0.0136657
0.0106428
0.00796365
0.00572526
0.00395463
0.00262449
0.00167345
0.0010252
0.000603438
0.000341259
0.000185424
9.67996e-05
4.85524e-05
2.33978e-05
1.75085e-05
3.78143e-05
7.84676e-05
0.000156442
0.000299671
0.000551524
0.000975242
0.00165687
0.00270454
0.00424156
0.00639126
0.00925284
0.0128704
0.0172004
0.0220857
0.0272467
0.0322956
0.0367791
0.0402428
0.0423061
0.0427313
0.0414684
0.0386648
0.0346373
0.0298126
0.0246538
0.0195883
0.0149533
0.0109674
0.00772862
0.00523272
0.00340393
0.00212746
0.00127753
0.000737072
0.000408579
0.000217606
0.000111351
5.4745e-05
2.58597e-05
1.83459e-05
4.04234e-05
8.55763e-05
0.000174061
0.000340157
0.000638683
0.00115218
0.00199701
0.00332561
0.00532096
0.00817968
0.0120812
0.0171441
0.0233747
0.03062
0.0385383
0.0466025
0.0541443
0.0604401
0.0648225
0.0667967
0.066132
0.0629067
0.0574924
0.0504838
0.0425914
0.0345239
0.0268873
0.0201188
0.0144639
0.00999069
0.00663032
0.00422768
0.00258999
0.00152448
0.000862132
0.00046844
0.000244547
0.000122659
5.91105e-05
2.73689e-05
1.84007e-05
4.13632e-05
8.93348e-05
0.000185377
0.000369589
0.000707963
0.00130296
0.00230398
0.0039143
0.00638937
0.0100205
0.0150991
0.0218595
0.0304059
0.0406352
0.0521767
0.0643692
0.0762972
0.0868894
0.0950721
0.0999466
0.100951
0.0979675
0.0913443
0.0818293
0.0704312
0.0582437
0.0462766
0.0353266
0.0259102
0.0182586
0.0123621
0.00804166
0.00502606
0.00301813
0.00174131
0.000965254
0.000514086
0.000263062
0.000129333
6.10926e-05
2.77266e-05
1.7657e-05
4.04931e-05
8.92223e-05
0.000188884
0.000384187
0.000750793
0.0014097
0.00254308
0.0044078
0.00734027
0.0117444
0.0180541
0.0266656
0.0378403
0.0515924
0.0675843
0.0850616
0.102861
0.119507
0.133403
0.143076
0.147433
0.145966
0.138847
0.126897
0.111428
0.0940076
0.076201
0.0593454
0.044406
0.0319245
0.0220514
0.0146344
0.00933131
0.00571661
0.00336482
0.00190289
0.00103394
0.000539763
0.000270732
0.000130468
6.04085e-05
2.68732e-05
1.62e-05
3.79024e-05
8.5201e-05
0.000184014
0.000381845
0.000761289
0.00145828
0.00268387
0.00474579
0.00806278
0.013161
0.0206406
0.0311016
0.0450268
0.0626309
0.0837016
0.107475
0.13259
0.157159
0.178977
0.195832
0.205873
0.207942
0.201796
0.188154
0.168554
0.145076
0.119972
0.0953218
0.0727667
0.0533705
0.0376096
0.0254638
0.0165644
0.0103528
0.00621682
0.00358679
0.00198826
0.00105893
0.000541863
0.000266404
0.00012584
5.7112e-05
2.49036e-05
1.42006e-05
3.38956e-05
7.77334e-05
0.000171277
0.000362594
0.000737514
0.00144128
0.00270616
0.00488188
0.00846153
0.0140909
0.0225454
0.034658
0.0511892
0.072641
0.0990406
0.12974
0.16329
0.197459
0.229414
0.25609
0.274659
0.283023
0.280207
0.266541
0.2436
0.213904
0.180464
0.146281
0.113924
0.085245
0.0612847
0.0423314
0.0280933
0.017913
0.010974
0.00645936
0.00365293
0.00198482
0.00103617
0.000519717
0.000250456
0.000115965
5.15878e-05
2.20494e-05
1.18817e-05
2.89334e-05
6.76939e-05
0.00015217
0.000328651
0.000681977
0.00135967
0.0026045
0.00479341
0.00847602
0.0144002
0.0235057
0.0368642
0.0555477
0.0804183
0.111859
0.149492
0.191951
0.236806
0.280687
0.319655
0.349758
0.36769
0.371386
0.36041
0.336044
0.301039
0.259107
0.214271
0.170245
0.129962
0.0953202
0.067171
0.0454786
0.0295842
0.0184902
0.0111033
0.00640604
0.00355104
0.00189126
0.000967772
0.0004758
0.000224752
0.000102002
4.44781e-05
1.86342e-05
9.47768e-06
2.35456e-05
5.62013e-05
0.000128887
0.00028399
0.000601207
0.00122285
0.00238974
0.004487
0.0080945
0.0140298
0.0233637
0.0373818
0.0574655
0.0848754
0.120444
0.164216
0.215117
0.270747
0.327401
0.380385
0.424616
0.455404
0.469273
0.464604
0.441945
0.403907
0.354669
0.299222
0.242544
0.188894
0.141342
0.101614
0.0701885
0.0465806
0.0297011
0.0181957
0.0107101
0.00605682
0.00329098
0.00171804
0.000861728
0.000415274
0.000192277
8.55362e-05
3.65594e-05
1.50133e-05
1.82385e-05
4.44131e-05
0.000103911
0.000233583
0.000504484
0.00104684
0.00208711
0.00399794
0.00735794
0.0130108
0.0221045
0.0360815
0.0565871
0.0852664
0.123443
0.171705
0.229472
0.294648
0.3635
0.430859
0.490674
0.536883
0.56441
0.570082
0.553234
0.515832
0.4621
0.397733
0.328909
0.261329
0.199493
0.146318
0.103108
0.0698102
0.0454122
0.0283827
0.0170437
0.00983336
0.0054509
0.0029031
0.00148554
0.000730359
0.000344997
0.000156575
6.82744e-05
2.86037e-05
1.15137e-05
1.3419e-05
3.33371e-05
7.95726e-05
0.000182485
0.000402088
0.000851219
0.00173137
0.00338351
0.00635292
0.0114606
0.0198641
0.0330795
0.0529271
0.0813625
0.120171
0.170531
0.232506
0.304574
0.383337
0.46355
0.538569
0.601192
0.644784
0.66442
0.657809
0.625727
0.571872
0.502158
0.423653
0.343406
0.267445
0.20012
0.143871
0.0993764
0.0659512
0.0420523
0.0257624
0.0151639
0.00857555
0.00465953
0.00243249
0.00122008
0.000587967
0.000272236
0.000121106
5.17627e-05
2.12567e-05
8.38689e-06
9.3504e-06
2.36987e-05
5.77093e-05
0.000135019
0.000303511
0.000655514
0.00136024
0.00271194
0.00519483
0.00956073
0.0169059
0.028722
0.0468834
0.0735278
0.110793
0.160399
0.22311
0.29817
0.382858
0.472323
0.559847
0.63757
0.697612
0.73338
0.74075
0.718858
0.670259
0.600441
0.516804
0.427376
0.339564
0.259217
0.190122
0.133976
0.0907096
0.0590074
0.0368798
0.0221461
0.0127772
0.00708276
0.00377222
0.00193028
0.00094901
0.00044828
0.00020345
8.87141e-05
3.71669e-05
1.49606e-05
6.1446e-06
1.58881e-05
3.94713e-05
9.42144e-05
0.000216064
0.000476074
0.00100785
0.00204995
0.0040061
0.00752189
0.0135694
0.0235192
0.0391663
0.0626659
0.0963337
0.142283
0.201909
0.275288
0.360617
0.453873
0.548846
0.637668
0.711815
0.763427
0.786677
0.778849
0.740865
0.677099
0.594558
0.501607
0.406595
0.316657
0.236943
0.170344
0.117662
0.0780865
0.0497902
0.0305028
0.0179541
0.0101535
0.00551691
0.00288008
0.00144458
0.000696156
0.000322329
0.000143391
6.12873e-05
2.5168e-05
9.93013e-06
9.98171e-06
2.52987e-05
6.16057e-05
0.000144136
0.000324003
0.000699772
0.00145208
0.00289504
0.00554557
0.0102062
0.0180474
0.0306612
0.0500488
0.0784922
0.118273
0.171229
0.238173
0.318301
0.408707
0.504213
0.597646
0.680616
0.744713
0.782895
0.790763
0.767393
0.715512
0.64098
0.551697
0.456231
0.362491
0.276718
0.202958
0.143022
0.0968341
0.0629914
0.0393698
0.0236414
0.0136399
0.00756097
0.00402691
0.0020606
0.00101308
0.000478547
0.000217186
9.47038e-05
3.96763e-05
1.59707e-05
6.17652e-06
5.81598e-06
1.50384e-05
3.73603e-05
8.91757e-05
0.000204508
0.000450613
0.000953948
0.00194032
0.00379185
0.00711961
0.0128437
0.0222614
0.0370717
0.0593145
0.0911816
0.134674
0.191111
0.260565
0.341331
0.4296
0.519493
0.603565
0.673746
0.722598
0.744605
0.737196
0.701242
0.640887
0.56276
0.474781
0.38485
0.299721
0.224271
0.161233
0.111369
0.0739104
0.0471273
0.0288715
0.0169939
0.00961047
0.00522186
0.00272605
0.00136732
0.000658924
0.000305091
0.000135722
5.80096e-05
2.3822e-05
9.39905e-06
3.0852e-06
8.13857e-06
2.06273e-05
5.02301e-05
0.000117521
0.000264176
0.000570558
0.00118395
0.00236047
0.00452157
0.00832164
0.0147149
0.0249996
0.0408072
0.0639985
0.0964341
0.139611
0.194194
0.259527
0.333239
0.411109
0.48729
0.55494
0.607201
0.638333
0.644748
0.625693
0.583392
0.522623
0.449825
0.371987
0.295556
0.225622
0.165482
0.116613
0.0789535
0.05136
0.0321001
0.019276
0.0111213
0.00616482
0.00328333
0.00168011
0.000826017
0.000390183
0.000177082
7.72166e-05
3.235e-05
1.30217e-05
5.03601e-06
3.85861e-06
9.97723e-06
2.47867e-05
5.91636e-05
0.000135681
0.000298959
0.000632896
0.0012873
0.0025157
0.0047235
0.00852114
0.0147693
0.0245952
0.0393521
0.0604944
0.089349
0.126792
0.172872
0.226456
0.285018
0.344657
0.400435
0.446996
0.479407
0.494007
0.489092
0.465239
0.425196
0.373363
0.314993
0.255328
0.19885
0.148792
0.10697
0.073888
0.0490358
0.0312666
0.0191547
0.0112746
0.00637606
0.00346444
0.0018086
0.000907148
0.000437163
0.000202412
9.00447e-05
3.84864e-05
1.58047e-05
6.23579e-06
2.36388e-06
1.4441e-06
3.80945e-06
9.65509e-06
2.35114e-05
5.50084e-05
0.000123654
0.000267063
0.000554178
0.00110487
0.00211643
0.00389514
0.00688765
0.0117017
0.0191008
0.029956
0.0451382
0.0653482
0.0908973
0.121478
0.15598
0.19243
0.228088
0.259753
0.284215
0.298787
0.30179
0.29287
0.27307
0.244626
0.210551
0.174117
0.138342
0.105608
0.0774575
0.0545834
0.0369561
0.0240403
0.0150252
0.00902258
0.00520557
0.00288559
0.00153684
0.000786415
0.000386637
0.000182634
8.28876e-05
3.61431e-05
1.51422e-05
6.0951e-06
2.35723e-06
6.50198e-07
1.68122e-06
4.1767e-06
9.96941e-06
2.2863e-05
5.03763e-05
0.000106647
0.000216918
0.00042391
0.000795938
0.00143586
0.00248871
0.00414443
0.00663107
0.0101937
0.0150558
0.0213653
0.0291299
0.0381592
0.0480271
0.0580768
0.0674756
0.0753215
0.0807829
0.0832432
0.0824149
0.0783954
0.071648
0.0629138
0.0530782
0.0430243
0.0335074
0.0250724
0.0180251
0.0124506
0.00826282
0.00526861
0.00322769
0.00189983
0.0010744
0.000583778
0.000304759
0.00015286
7.36645e-05
3.41076e-05
1.51731e-05
6.48519e-06
2.66318e-06
1.05077e-06
3.98328e-07
-6.82799e-07
-1.80119e-06
-4.56512e-06
-1.11167e-05
-2.60091e-05
-5.8466e-05
-0.000126273
-0.000262026
-0.000522406
-0.00100069
-0.0018417
-0.00325662
-0.00553278
-0.00903125
-0.0141638
-0.0213423
-0.030898
-0.0429781
-0.0574371
-0.0737507
-0.0909846
-0.107844
-0.122816
-0.134383
-0.141272
-0.142692
-0.138475
-0.129113
-0.115664
-0.099553
-0.0823263
-0.065411
-0.0499334
-0.0366235
-0.0258081
-0.0174736
-0.0113667
-0.00710423
-0.00426606
-0.0024613
-0.00136437
-0.00072665
-0.000371833
-0.00018281
-8.63532e-05
-3.91909e-05
-1.70892e-05
-7.15954e-06
-2.88189e-06
-1.11454e-06
-2.78061e-06
-7.18986e-06
-1.78619e-05
-4.26348e-05
-9.77753e-05
-0.000215438
-0.000456082
-0.000927666
-0.00181288
-0.00340388
-0.00614056
-0.0106431
-0.0177239
-0.0283582
-0.0435939
-0.0643873
-0.0913699
-0.124576
-0.16319
-0.205391
-0.248369
-0.288564
-0.322117
-0.345474
-0.355995
-0.352453
-0.335263
-0.306408
-0.269055
-0.226992
-0.183996
-0.143297
-0.107224
-0.0770856
-0.0532457
-0.0353365
-0.0225315
-0.0138034
-0.00812476
-0.00459476
-0.00249657
-0.00130332
-0.000653715
-0.000315031
-0.000145864
-6.48886e-05
-2.77343e-05
-1.13893e-05
-4.49368e-06
-1.70348e-06
-2.57673e-06
-6.79727e-06
-1.72278e-05
-4.19518e-05
-9.81524e-05
-0.000220638
-0.000476526
-0.000988829
-0.00197144
-0.00377638
-0.00695017
-0.0122898
-0.0208795
-0.0340819
-0.053451
-0.080541
-0.116602
-0.16219
-0.216755
-0.278319
-0.343355
-0.406981
-0.463481
-0.507129
-0.533131
-0.538489
-0.522574
-0.487245
-0.43649
-0.375691
-0.310681
-0.246846
-0.188437
-0.138209
-0.0973942
-0.0659414
-0.0428955
-0.0268098
-0.0160991
-0.0092884
-0.00514881
-0.00274222
-0.00140322
-0.000689883
-0.000325877
-0.000147898
-6.44907e-05
-2.70185e-05
-1.08756e-05
-4.20604e-06
-5.28322e-06
-1.36609e-05
-3.3938e-05
-8.1007e-05
-0.000185775
-0.000409336
-0.000866564
-0.00176258
-0.00344451
-0.00646744
-0.0116672
-0.0202222
-0.0336758
-0.0538811
-0.0828292
-0.122337
-0.173605
-0.236697
-0.310064
-0.390247
-0.471906
-0.548277
-0.612029
-0.656406
-0.676397
-0.669667
-0.637007
-0.58218
-0.51121
-0.43129
-0.349597
-0.272266
-0.203727
-0.146464
-0.101168
-0.06714
-0.0428104
-0.0262268
-0.0154372
-0.00873013
-0.00474352
-0.00247634
-0.00124207
-0.000598565
-0.000277144
-0.00012329
-5.26958e-05
-2.16398e-05
-8.53807e-06
-3.23664e-06
-9.61897e-06
-2.43794e-05
-5.93669e-05
-0.000138898
-0.000312229
-0.000674342
-0.00139931
-0.00278983
-0.00534404
-0.00983534
-0.0173915
-0.029547
-0.04823
-0.0756398
-0.113975
-0.165006
-0.229518
-0.306734
-0.393855
-0.48589
-0.575928
-0.655883
-0.71765
-0.754445
-0.762027
-0.739506
-0.689511
-0.617687
-0.531648
-0.439651
-0.349318
-0.266662
-0.195582
-0.137825
-0.0933151
-0.0607023
-0.0379391
-0.0227823
-0.0131442
-0.0072862
-0.00388057
-0.00198572
-0.000976268
-0.000461156
-0.000209293
-9.12623e-05
-3.82345e-05
-1.53903e-05
-5.95206e-06
-6.20416e-06
-1.60422e-05
-3.98539e-05
-9.51277e-05
-0.000218158
-0.000480689
-0.00101762
-0.00206983
-0.00404493
-0.00759481
-0.0137009
-0.0237472
-0.039546
-0.0632734
-0.0972675
-0.143662
-0.203866
-0.277956
-0.364113
-0.458273
-0.554166
-0.643849
-0.718715
-0.770827
-0.794303
-0.786399
-0.748046
-0.683663
-0.600321
-0.50647
-0.410536
-0.319726
-0.239239
-0.171995
-0.118803
-0.0788435
-0.0502728
-0.0307985
-0.0181281
-0.0102519
-0.00557039
-0.002908
-0.00145858
-0.000702904
-0.000325454
-0.000144781
-6.18814e-05
-2.5412e-05
-1.00264e-05
-9.82248e-06
-2.48952e-05
-6.0623e-05
-0.000141836
-0.000318835
-0.000688609
-0.00142892
-0.00284886
-0.00545711
-0.0100434
-0.0177595
-0.0301721
-0.0492505
-0.0772401
-0.116387
-0.168497
-0.234374
-0.313224
-0.402188
-0.49617
-0.588113
-0.66976
-0.732834
-0.770407
-0.77815
-0.755152
-0.704099
-0.630756
-0.542897
-0.448953
-0.356708
-0.272304
-0.19972
-0.140741
-0.0952894
-0.0619866
-0.0387418
-0.0232643
-0.0134223
-0.00744036
-0.00396267
-0.00202773
-0.000996924
-0.000470913
-0.000213722
-9.31931e-05
-3.90434e-05
-1.57159e-05
-6.07799e-06
-1.46016e-05
-3.62752e-05
-8.65856e-05
-0.000198568
-0.000437525
-0.00092624
-0.00188396
-0.00368171
-0.00691282
-0.0124707
-0.0216148
-0.0359949
-0.0575917
-0.0885332
-0.130762
-0.18556
-0.252997
-0.331417
-0.417122
-0.504404
-0.586034
-0.654177
-0.70161
-0.722977
-0.715784
-0.680875
-0.622272
-0.546415
-0.460991
-0.373672
-0.291016
-0.217757
-0.15655
-0.108135
-0.0717637
-0.0457585
-0.0280329
-0.0165003
-0.00933134
-0.00507019
-0.00264687
-0.00132761
-0.000639786
-0.000296229
-0.00013178
-5.63247e-05
-2.31301e-05
-9.12605e-06
-8.08716e-06
-2.0497e-05
-4.99128e-05
-0.000116778
-0.000262507
-0.000566954
-0.00117647
-0.00234556
-0.00449301
-0.00826907
-0.0146219
-0.0248417
-0.0405495
-0.0635942
-0.0958249
-0.138729
-0.192968
-0.257887
-0.331134
-0.408512
-0.484212
-0.551434
-0.603365
-0.6343
-0.640675
-0.62174
-0.579707
-0.519321
-0.446984
-0.369637
-0.293689
-0.224196
-0.164436
-0.115876
-0.0784548
-0.0510355
-0.0318973
-0.0191542
-0.011051
-0.00612588
-0.00326259
-0.0016695
-0.000820799
-0.000387718
-0.000175964
-7.67288e-05
-3.21457e-05
-1.29394e-05
-1.09782e-05
-2.72734e-05
-6.50992e-05
-0.000149293
-0.000328952
-0.000696391
-0.00141645
-0.00276809
-0.00519739
-0.00937603
-0.016251
-0.0270627
-0.0433002
-0.0665635
-0.098313
-0.139513
-0.190215
-0.249175
-0.313612
-0.379235
-0.440608
-0.491842
-0.527504
-0.543569
-0.53816
-0.511914
-0.467854
-0.410821
-0.346595
-0.280944
-0.2188
-0.16372
-0.117702
-0.0813009
-0.0539553
-0.0344034
-0.0210765
-0.0124057
-0.00701574
-0.00381201
-0.00199004
-0.000998158
-0.000481021
-0.000222719
-9.90784e-05
-4.23476e-05
-1.73903e-05
-1.41641e-05
-3.44914e-05
-8.06977e-05
-0.000181401
-0.000391784
-0.000812983
-0.00162086
-0.00310482
-0.0057142
-0.0101042
-0.0171664
-0.028021
-0.0439457
-0.0662182
-0.0958663
-0.133347
-0.178209
-0.228824
-0.282296
-0.334606
-0.381059
-0.416945
-0.438322
-0.442728
-0.429643
-0.400597
-0.358868
-0.308881
-0.255432
-0.202949
-0.154927
-0.113631
-0.0800743
-0.0542148
-0.0352672
-0.0220421
-0.0132362
-0.00763662
-0.00423319
-0.00225456
-0.00115368
-0.000567199
-0.000267926
-0.000121597
-5.30222e-05
-2.22137e-05
-1.74027e-05
-4.15386e-05
-9.52612e-05
-0.000209898
-0.000444355
-0.000903814
-0.00176627
-0.00331636
-0.00598267
-0.0103695
-0.0172682
-0.0276291
-0.042473
-0.0627318
-0.0890206
-0.121373
-0.158994
-0.20011
-0.241983
-0.281144
-0.313835
-0.336591
-0.346841
-0.34339
-0.326643
-0.298529
-0.262137
-0.221156
-0.179265
-0.139612
-0.104467
-0.0751035
-0.0518766
-0.0344279
-0.0219522
-0.0134485
-0.00791586
-0.00447662
-0.00243237
-0.00126981
-0.000636907
-0.000306931
-0.000142113
-6.32201e-05
-2.70212e-05
-1.10964e-05
-2.03915e-05
-4.77089e-05
-0.000107245
-0.000231625
-0.00048064
-0.000958259
-0.00183558
-0.00337827
-0.00597368
-0.0101489
-0.0165662
-0.0259809
-0.0391485
-0.0566767
-0.0788355
-0.105358
-0.135282
-0.166895
-0.197821
-0.225284
-0.2465
-0.259139
-0.261743
-0.254007
-0.236835
-0.212165
-0.182612
-0.151013
-0.119985
-0.0915938
-0.0671792
-0.0473404
-0.0320521
-0.0208502
-0.0130314
-0.00782531
-0.00451481
-0.00250268
-0.00133291
-0.000682061
-0.000335331
-0.000158399
-7.18887e-05
-3.1347e-05
-1.31329e-05
-2.28129e-05
-5.23173e-05
-0.000115276
-0.000244039
-0.000496373
-0.000970031
-0.00182134
-0.00328568
-0.00569491
-0.00948368
-0.0151738
-0.0233261
-0.0344522
-0.04889
-0.0666578
-0.0873194
-0.1099
-0.132897
-0.154404
-0.172358
-0.184855
-0.190485
-0.188589
-0.179392
-0.163952
-0.143965
-0.121458
-0.0984523
-0.0766748
-0.0573729
-0.0412468
-0.0284906
-0.0189078
-0.0120561
-0.0073859
-0.00434738
-0.00245855
-0.00133586
-0.000697378
-0.000349788
-0.000168566
-7.80483e-05
-3.47204e-05
-1.484e-05
-2.43892e-05
-5.48247e-05
-0.000118409
-0.000245707
-0.000489871
-0.000938368
-0.001727
-0.0030538
-0.0051882
-0.00846878
-0.0132817
-0.0200131
-0.0289736
-0.0403014
-0.0538599
-0.0691575
-0.0853181
-0.101128
-0.115167
-0.126013
-0.132474
-0.133805
-0.129851
-0.121072
-0.108461
-0.0933529
-0.077199
-0.0613372
-0.0468236
-0.0343426
-0.0242008
-0.0163853
-0.0106588
-0.00666178
-0.00400037
-0.00230801
-0.00127939
-0.000681395
-0.000348675
-0.000171424
-8.09751e-05
-3.67501e-05
-1.60249e-05
-2.4935e-05
-5.49418e-05
-0.000116312
-0.000236577
-0.000462328
-0.000868072
-0.00156599
-0.00271426
-0.00452003
-0.00723202
-0.0111175
-0.0164203
-0.0233015
-0.0317699
-0.0416174
-0.0523797
-0.0633401
-0.0735907
-0.0821477
-0.0881041
-0.0907873
-0.0898839
-0.0855002
-0.0781413
-0.0686155
-0.0578885
-0.0469235
-0.0365441
-0.0273446
-0.0196587
-0.0135789
-0.00901166
-0.00574609
-0.0035202
-0.00207201
-0.00117177
-0.000636684
-0.000332378
-0.000166713
-8.03405e-05
-3.71987e-05
-1.65481e-05
-2.43932e-05
-5.26837e-05
-0.000109323
-0.000217959
-0.000417509
-0.000768397
-0.00135873
-0.00230839
-0.00376802
-0.00590944
-0.00890445
-0.0128913
-0.0179314
-0.023964
-0.0307703
-0.0379607
-0.044995
-0.0512416
-0.0560672
-0.0589418
-0.0595342
-0.0577747
-0.0538688
-0.0482575
-0.0415356
-0.0343482
-0.0272908
-0.0208333
-0.0152801
-0.0107677
-0.00729034
-0.00474244
-0.00296403
-0.00177989
-0.00102691
-0.000569242
-0.000303174
-0.000155137
-7.6272e-05
-3.60284e-05
-1.63513e-05
-2.28446e-05
-4.83621e-05
-9.83681e-05
-0.000192235
-0.000360942
-0.000651135
-0.00112858
-0.00187942
-0.00300706
-0.00462262
-0.00682752
-0.00968871
-0.0132098
-0.0173044
-0.0217793
-0.0263366
-0.0305988
-0.0341568
-0.0366334
-0.0377491
-0.0373735
-0.0355508
-0.0324909
-0.0285302
-0.0240699
-0.0195107
-0.0151949
-0.0113698
-0.00817403
-0.00564608
-0.00374702
-0.00238921
-0.00146369
-0.000861536
-0.00048722
-0.000264732
-0.000138202
-6.93188e-05
-3.34054e-05
-1.54671e-05
-2.04894e-05
-4.25171e-05
-8.4767e-05
-0.000162375
-0.000298839
-0.000528428
-0.000897763
-0.00146543
-0.00229826
-0.00346305
-0.00501358
-0.00697373
-0.00931989
-0.011967
-0.0147634
-0.0174991
-0.0199285
-0.0218052
-0.0229232
-0.0231536
-0.0224693
-0.0209502
-0.0187679
-0.0161537
-0.0133585
-0.0106138
-0.00810232
-0.00594262
-0.0041877
-0.00283531
-0.00184439
-0.00115275
-0.000692221
-0.000399377
-0.000221386
-0.000117908
-6.03346e-05
-2.96632e-05
-1.76055e-05
-3.58094e-05
-6.99801e-05
-0.000131395
-0.000237036
-0.000410843
-0.000684173
-0.00109467
-0.00168279
-0.00248545
-0.00352703
-0.00480884
-0.0062994
-0.00792843
-0.00958745
-0.011139
-0.0124343
-0.0133358
-0.013742
-0.0136052
-0.0129417
-0.0118278
-0.010386
-0.00876227
-0.00710256
-0.00553148
-0.004139
-0.00297563
-0.00205537
-0.00136405
-0.000869754
-0.000532834
-0.000313629
-0.000177365
-9.63715e-05
-5.03103e-05
-2.52345e-05
-2.89022e-05
-5.53633e-05
-0.000101892
-0.000180173
-0.000306102
-0.000499654
-0.000783614
-0.00118076
-0.00170943
-0.00237777
-0.00317771
-0.00408026
-0.00503373
-0.00596651
-0.00679483
-0.00743472
-0.00781591
-0.00789446
-0.00766115
-0.0071432
-0.00639913
-0.00550778
-0.00455471
-0.00361887
-0.00276257
-0.0020262
-0.00142784
-0.000966728
-0.000628865
-0.000393042
-0.00023602
-0.000136172
-7.54837e-05
-4.0202e-05
-2.05717e-05
-2.236e-05
-4.19833e-05
-7.57374e-05
-0.000131272
-0.000218606
-0.000349769
-0.000537684
-0.000794149
-0.00112695
-0.00153651
-0.00201278
-0.00253328
-0.00306337
-0.00355913
-0.00397298
-0.00426105
-0.00439082
-0.00434713
-0.00413512
-0.00377921
-0.00331851
-0.00279971
-0.0022694
-0.00176741
-0.00132249
-0.000950769
-0.000656729
-0.000435838
-0.000277903
-0.000170251
-0.00010021
-5.66715e-05
-3.07925e-05
-3.05232e-05
-5.39732e-05
-9.16968e-05
-0.000149678
-0.000234742
-0.000353713
-0.000512083
-0.000712291
-0.000951926
-0.0012223
-0.00150792
-0.00178735
-0.00203548
-0.00222717
-0.00234136
-0.00236489
-0.002295
-0.00213984
-0.00191694
-0.00164993
-0.00136442
-0.00108408
-0.000827565
-0.000606975
-0.000427728
-0.000289596
-0.000188385
-0.000117741
-7.07029e-05
-4.0792e-05
-2.26121e-05
-2.12796e-05
-3.68829e-05
-6.14208e-05
-9.82729e-05
-0.000151071
-0.000223129
-0.000316635
-0.000431708
-0.000565522
-0.000711765
-0.000860702
-0.000999993
-0.00111627
-0.00119721
-0.00123367
-0.00122139
-0.00116183
-0.00106183
-0.000932387
-0.000786623
-0.000637624
-0.000496582
-0.000371574
-0.000267133
-0.000184518
-0.000122456
-7.80811e-05
-4.78346e-05
-2.81557e-05
-2.41726e-05
-3.94572e-05
-6.18813e-05
-9.32438e-05
-0.000134992
-0.00018777
-0.000250941
-0.000322215
-0.000397509
-0.000471169
-0.000536581
-0.000587113
-0.000617215
-0.000623418
-0.000604994
-0.000564092
-0.000505333
-0.000434944
-0.000359681
-0.000285779
-0.000218158
-0.000160007
-0.000112755
-7.63416e-05
-4.96609e-05
-3.10382e-05
-2.43136e-05
-3.73763e-05
-5.52041e-05
-7.83384e-05
-0.000106809
-0.000139915
-0.000176097
-0.000212946
-0.000247408
-0.000276176
-0.000296201
-0.000305221
-0.000302184
-0.000287447
-0.000262707
-0.000230681
-0.000194618
-0.000157754
-0.000122859
-9.19309e-05
-6.60913e-05
-4.56515e-05
-3.02967e-05
-3.13538e-05
-4.36121e-05
-5.82844e-05
-7.48386e-05
-9.23268e-05
-0.000109435
-0.000124628
-0.000136365
-0.000143356
-0.000144797
-0.000140518
-0.000131018
-0.00011737
-0.000101022
-8.35407e-05
-6.63759e-05
-5.067e-05
-3.71638e-05
-2.61889e-05
-3.0515e-05
-3.84062e-05
-4.64427e-05
-5.39588e-05
-6.0233e-05
-6.46004e-05
-6.65677e-05
-6.59054e-05
-6.26911e-05
-5.72954e-05
-5.03108e-05
-4.24455e-05
-3.44056e-05
-2.67951e-05
-2.55285e-05
-2.79326e-05
-2.93648e-05
-2.96599e-05
-2.87833e-05
-2.68374e-05
