7.89767e-05
7.68382e-05
8.16083e-05
8.36705e-05
8.14057e-05
7.57875e-05
6.74339e-05
5.72647e-05
5.27552e-05
5.48165e-05
8.92564e-05
0.000125823
0.000171904
0.000199752
0.000206308
0.000204348
0.000197651
0.00018791
0.000175877
0.000161267
0.000142698
0.00011862
0.000115968
9.84042e-05
8.16963e-05
6.30855e-05
9.46622e-05
0.000156707
0.000222053
0.000292927
0.000359833
0.000402622
0.000415385
0.000412661
0.000400726
0.000382213
0.00035796
0.000328126
0.00029374
0.000260513
0.000223015
0.000185305
0.000151386
0.000115224
8.62188e-05
1.64782e-05
4.21827e-05
8.92785e-05
0.000154332
0.000243187
0.000356639
0.000484098
0.000611427
0.000720784
0.000780633
0.000800323
0.000795607
0.000772585
0.000734199
0.000682403
0.000619579
0.00054923
0.000474201
0.000397408
0.000323578
0.000255639
0.000196715
0.000147209
0.000106454
1.70338e-05
3.53181e-05
7.88057e-05
0.000140348
0.000234952
0.000371306
0.000554038
0.000774564
0.00100829
0.00122752
0.00139019
0.00147201
0.00150066
0.00148601
0.00143474
0.00135147
0.00124127
0.00111057
0.000966896
0.000818366
0.00067297
0.000537842
0.000417932
0.000315451
0.000230377
0.000163944
0.000111178
4.34272e-05
8.21343e-05
0.000138565
0.000227763
0.000365329
0.000566996
0.00084532
0.00119934
0.00160638
0.00200952
0.00235993
0.00258777
0.00270468
0.00273459
0.00268687
0.00256935
0.00239133
0.00216496
0.00190524
0.00162884
0.00135241
0.00109061
0.000854573
0.000650873
0.000481601
0.00034555
0.000239469
0.000159828
0.00010043
4.48377e-05
8.45639e-05
0.000140083
0.000226901
0.000360693
0.000563806
0.00086026
0.00127192
0.00180988
0.00246563
0.00317439
0.00383428
0.00435186
0.00466746
0.00482349
0.00482889
0.00469471
0.00443491
0.00406989
0.00362659
0.00313643
0.00263195
0.00214302
0.0016937
0.00130015
0.000970058
0.000703633
0.000495764
0.00033836
0.000221015
0.000135469
7.60466e-05
3.72183e-05
7.33902e-05
0.000131649
0.000218258
0.000349225
0.000549212
0.000848023
0.00128084
0.00188224
0.00267791
0.00366863
0.00481546
0.00598278
0.0070036
0.00772967
0.00816359
0.00833343
0.00824574
0.00791607
0.00737376
0.00666242
0.00583691
0.0049572
0.00408091
0.00325708
0.00252183
0.00189604
0.00138574
0.000985151
0.000681243
0.000457699
0.0002979
0.000186843
0.000113904
7.12779e-05
0.000120645
0.000199704
0.000322317
0.000512322
0.000802476
0.0012342
0.00185647
0.00272064
0.00386994
0.00532284
0.0070514
0.00897314
0.0108027
0.0122783
0.0132628
0.0138136
0.0139203
0.0135935
0.0128665
0.0118018
0.010487
0.00902535
0.00752201
0.00607138
0.00474784
0.0036004
0.00265104
0.0018978
0.00132199
0.000896471
0.000591878
0.000380119
0.000235
0.000137721
0.0001038
0.000174091
0.000284129
0.000453818
0.000718873
0.00112538
0.00173197
0.00260712
0.00382447
0.00545051
0.00752411
0.0100312
0.0129313
0.0159893
0.0186902
0.0207063
0.0219991
0.0225855
0.0224465
0.0216056
0.0201382
0.0181703
0.015865
0.0134024
0.0109542
0.00866438
0.00663645
0.00492831
0.00355368
0.00249149
0.00169995
0.00112946
0.000730865
0.000459981
0.000279331
0.000161599
8.51101e-05
7.64775e-05
0.000129635
0.000229139
0.000379114
0.000608538
0.000965666
0.00151507
0.00233922
0.00353539
0.00520852
0.0074582
0.0103548
0.0139089
0.0180464
0.0226767
0.02726
0.0310255
0.0336617
0.0352191
0.0356323
0.0348926
0.0330705
0.0303248
0.0268913
0.0230522
0.0191014
0.0153018
0.0118555
0.00889244
0.00646635
0.00456582
0.00313453
0.00209424
0.00136254
0.000863926
0.00053386
0.000320678
0.000185509
0.000103902
9.50965e-05
0.00016638
0.000290808
0.000481889
0.000779248
0.00124307
0.00195889
0.00303906
0.0046201
0.0068513
0.00987841
0.0138172
0.0187132
0.0245152
0.0310424
0.038033
0.044542
0.0495142
0.0527933
0.0543758
0.0541772
0.0522254
0.0486963
0.0438901
0.0382198
0.0321408
0.0261072
0.0204894
0.0155453
0.0114169
0.00812866
0.00561986
0.0037777
0.00247143
0.00157551
0.000980408
0.000596407
0.000355003
0.000206202
0.000115913
0.000110713
0.000201661
0.000352022
0.000585386
0.000954458
0.00153411
0.00243299
0.00379801
0.00581373
0.00868972
0.012636
0.0178309
0.0243773
0.0322513
0.04126
0.0510617
0.0612106
0.0698909
0.0760728
0.0797821
0.0808675
0.0792837
0.075171
0.068886
0.0609712
0.052094
0.0429544
0.0341865
0.0262735
0.0195175
0.0140341
0.00978367
0.00662332
0.00436002
0.00279516
0.00174851
0.00107022
0.000642337
0.000378394
0.000218141
0.000121413
0.000122255
0.000227457
0.000402563
0.000678122
0.00111783
0.00181446
0.00290185
0.00456481
0.00704229
0.010618
0.0155883
0.0222197
0.0306952
0.0410412
0.053092
0.0663843
0.0806535
0.0945477
0.105367
0.112561
0.116056
0.115683
0.111499
0.103881
0.0934743
0.0811809
0.0680065
0.0549509
0.0428384
0.0322357
0.0234453
0.0165058
0.0112686
0.00747145
0.00482059
0.00303322
0.00186564
0.00112666
0.000668273
0.000389487
0.000221249
0.000122441
0.000126499
0.000241374
0.00043539
0.000747459
0.00125013
0.00205447
0.00332075
0.00527325
0.00820875
0.0124929
0.0185299
0.0267056
0.0373144
0.0504962
0.0661139
0.0837028
0.102525
0.122342
0.139977
0.152665
0.160207
0.162263
0.158868
0.150361
0.137497
0.121375
0.103372
0.0848822
0.0671851
0.0512899
0.037793
0.0269185
0.0185639
0.0124155
0.00806871
0.00511233
0.0031636
0.00191899
0.00114541
0.000671943
0.000386765
0.000216535
0.000120074
0.000121595
0.000240238
0.000445015
0.000781583
0.0013321
0.00222277
0.0036406
0.00584803
0.00919981
0.0141455
0.0212093
0.0309251
0.043749
0.0599574
0.0795287
0.102031
0.126482
0.152112
0.177964
0.19908
0.212745
0.218916
0.217481
0.208957
0.194077
0.174144
0.15057
0.125672
0.101038
0.0783417
0.0585909
0.0423026
0.0295232
0.0199577
0.0130893
0.00835455
0.00520687
0.00317513
0.00190185
0.00112128
0.000650656
0.000370251
0.000205563
0.000114226
0.000107631
0.000222277
0.000426448
0.000770735
0.00134667
0.00229085
0.00381405
0.00621395
0.00989893
0.0153988
0.0233572
0.0344754
0.049408
0.0686342
0.0923158
0.120121
0.151081
0.183594
0.216881
0.248439
0.271768
0.284061
0.286152
0.278933
0.262916
0.239605
0.210503
0.178602
0.145361
0.114436
0.0869892
0.0637983
0.0451703
0.0309248
0.0205172
0.0132163
0.00829266
0.00508462
0.0030578
0.00181017
0.00105717
0.000608589
0.000343679
0.000189061
0.00010408
8.46633e-05
0.000188842
0.000379091
0.00071038
0.00128176
0.00223792
0.00380365
0.00630741
0.0102023
0.0160893
0.0247195
0.0369611
0.0536936
0.0756581
0.103274
0.136422
0.174232
0.214911
0.256227
0.297144
0.332463
0.354579
0.361684
0.356811
0.340584
0.314318
0.280329
0.241367
0.199549
0.159581
0.123052
0.0918443
0.066154
0.0460049
0.0309377
0.0201532
0.012752
0.00786731
0.00475319
0.00282497
0.00165796
0.000962606
0.000551771
0.000310218
0.000169322
9.28273e-05
6.63496e-05
0.000147085
0.000306584
0.000602981
0.00113419
0.00205363
0.00358896
0.0060882
0.0100367
0.0160911
0.0250915
0.0380519
0.056078
0.0802111
0.111214
0.149294
0.193807
0.242967
0.293918
0.343724
0.390182
0.424002
0.439221
0.437308
0.421107
0.391795
0.352679
0.307393
0.259069
0.210525
0.165561
0.125395
0.0921326
0.0653069
0.0446568
0.0294961
0.0188662
0.0117304
0.00712512
0.00425094
0.00250411
0.00146225
0.000847237
0.000485467
0.000273363
0.00015025
8.29848e-05
9.14522e-05
0.000213472
0.000457015
0.000914308
0.00174291
0.00317071
0.00554926
0.00937586
0.0153439
0.0243565
0.0375344
0.0561796
0.0816397
0.115081
0.157154
0.207593
0.264872
0.325678
0.386133
0.442052
0.487187
0.512621
0.5155
0.497829
0.465394
0.420379
0.369242
0.316268
0.263966
0.208935
0.160928
0.120991
0.0877498
0.0612876
0.0412039
0.026724
0.0167829
0.0102602
0.00614489
0.00362922
0.00212627
0.00124028
0.000719959
0.00041411
0.000234721
0.000129481
7.02475e-05
4.19796e-05
0.000116273
0.000289557
0.000646386
0.00133354
0.00257278
0.00471624
0.00824976
0.0138687
0.0225062
0.0353549
0.053847
0.0795916
0.114185
0.158825
0.213769
0.278052
0.348797
0.419932
0.485576
0.538771
0.574388
0.582627
0.565571
0.527658
0.475155
0.417967
0.359308
0.30012
0.242478
0.191849
0.148065
0.110328
0.0790871
0.0544502
0.0360023
0.022909
0.0141192
0.00849092
0.00502269
0.00294574
0.0017238
0.00100892
0.000589168
0.000341288
0.000194581
0.00010881
6.07053e-05
-4.78226e-07
3.384e-05
0.00012959
0.000365484
0.000876348
0.0018621
0.00365671
0.00673569
0.0117649
0.0196645
0.0316458
0.0491926
0.0740816
0.108289
0.15364
0.211037
0.279947
0.357096
0.438645
0.516157
0.579367
0.619811
0.63448
0.615031
0.570774
0.508911
0.440857
0.375546
0.312278
0.258849
0.210386
0.166037
0.127799
0.0945049
0.0669943
0.0454885
0.0295859
0.0184384
0.0111394
0.00659222
0.00386117
0.0022592
0.00132805
0.000784235
0.000462719
0.00027024
0.000152829
8.1083e-05
-1.95649e-05
-1.55295e-05
1.50657e-05
0.000137119
0.000449935
0.00113554
0.00249699
0.00498372
0.00920108
0.0160676
0.0266886
0.042591
0.065556
0.0977649
0.141677
0.199128
0.270071
0.35246
0.44067
0.527153
0.601148
0.649334
0.667291
0.645655
0.589971
0.51482
0.435066
0.364282
0.30007
0.249528
0.208834
0.170697
0.135148
0.103201
0.0753369
0.052752
0.0353043
0.0225533
0.0137349
0.00811719
0.00473201
0.00275762
0.00162217
0.000966244
0.000580098
0.000347274
0.000203568
0.000111494
6.11271e-05
-4.27647e-05
-4.9229e-05
-8.76785e-06
0.000148926
0.000553375
0.00145026
0.00323132
0.00646584
0.0120292
0.0209615
0.0346229
0.0548132
0.083598
0.123806
0.17836
0.248318
0.332557
0.427261
0.520662
0.603687
0.658725
0.677494
0.658114
0.592592
0.500615
0.405347
0.320344
0.256468
0.205949
0.174022
0.150088
0.126204
0.101595
0.0764209
0.0547553
0.0376845
0.0248283
0.0155461
0.00919298
0.00530159
0.00305638
0.00179058
0.00107456
0.000658364
0.000406513
0.000248164
0.000145231
8.08913e-05
4.88309e-05
-4.88093e-05
-7.03155e-05
-7.62666e-05
-2.12429e-05
0.00017888
0.000708144
0.00185844
0.00407024
0.00810046
0.0149973
0.0260309
0.0428943
0.0672776
0.101903
0.150378
0.215608
0.297639
0.393449
0.493262
0.584107
0.647948
0.673117
0.654723
0.583689
0.475959
0.357723
0.250509
0.167798
0.118981
0.0955799
0.0868199
0.0824851
0.0741243
0.0627318
0.0479711
0.0339673
0.0230716
0.0149758
0.00909713
0.00515494
0.00289547
0.00167161
0.00101149
0.000640355
0.000415583
0.000269268
0.000169976
0.000102021
6.19264e-05
-4.28543e-05
-6.52774e-05
-9.30927e-05
-9.15263e-05
-4.95749e-06
0.000279221
0.000966285
0.0023529
0.0050484
0.00985372
0.0178708
0.0308277
0.0504589
0.0785691
0.118658
0.174769
0.249845
0.34123
0.445203
0.54341
0.621615
0.658111
0.638049
0.562596
0.448107
0.309045
0.172604
0.0634375
0.000977223
-0.0203681
-0.015031
-0.000235012
0.0146399
0.0231757
0.0240339
0.0202837
0.014756
0.0101031
0.00649403
0.00366376
0.0018984
0.00103376
0.000636567
0.000443681
0.00032805
0.000241041
0.00016996
0.000113829
7.25455e-05
4.62105e-05
-5.25842e-05
-8.51336e-05
-0.000108282
-8.53491e-05
5.56622e-05
0.000447323
0.00130609
0.00301893
0.00620586
0.0115631
0.020368
0.0346762
0.0561579
0.0868678
0.131087
0.193332
0.274907
0.374133
0.477064
0.56546
0.614844
0.609385
0.5447
0.427021
0.277514
0.115691
-0.0221504
-0.115139
-0.153176
-0.148948
-0.118568
-0.0804179
-0.0470106
-0.0240191
-0.00920145
-0.00319066
-0.00101189
-0.000263085
-0.000161652
-0.000445468
-0.000426448
-0.000232778
-3.85604e-05
8.41582e-05
0.000132411
0.000130736
0.000105635
7.50159e-05
4.89335e-05
3.00569e-05
-4.23177e-05
-6.77859e-05
-0.000100331
-0.00011228
-5.90584e-05
0.000143905
0.00064421
0.00169198
0.00368583
0.00713741
0.0127428
0.0218251
0.0365084
0.0581391
0.0897133
0.136168
0.202235
0.287572
0.388926
0.482883
0.547493
0.560505
0.516573
0.412867
0.263197
0.0887977
-0.0765104
-0.204731
-0.276467
-0.287804
-0.25854
-0.20616
-0.148417
-0.0977866
-0.0587588
-0.0345169
-0.0206427
-0.0126567
-0.00765471
-0.00481842
-0.00309097
-0.00181912
-0.000936213
-0.000388686
-9.41777e-05
3.55524e-05
7.3793e-05
7.01067e-05
5.12751e-05
3.21696e-05
-5.31124e-05
-8.43677e-05
-0.000113351
-0.000111798
-2.9776e-05
0.000225463
0.000809208
0.00196206
0.00400494
0.00734148
0.012578
0.0211135
0.0346219
0.054639
0.0852222
0.131555
0.198156
0.281925
0.371109
0.445701
0.480067
0.463992
0.387657
0.253109
0.0814187
-0.0983959
-0.254959
-0.362962
-0.408548
-0.395541
-0.343175
-0.268687
-0.192934
-0.128414
-0.0811048
-0.0508539
-0.032015
-0.0199518
-0.0121135
-0.00743819
-0.00438789
-0.00240181
-0.00117715
-0.000485076
-0.000137875
9.33154e-06
5.41032e-05
5.33519e-05
3.81697e-05
2.56617e-05
-4.10149e-05
-6.64996e-05
-0.000101259
-0.000128394
-0.000120032
-2.48453e-05
0.000245509
0.000825212
0.00188955
0.00363613
0.00629286
0.0103299
0.0171999
0.0278522
0.0446035
0.0718758
0.115031
0.174775
0.244654
0.315715
0.365029
0.378379
0.334591
0.228339
0.0731184
-0.105184
-0.275433
-0.408687
-0.487173
-0.505887
-0.467797
-0.392086
-0.299521
-0.211213
-0.141336
-0.0921834
-0.0593918
-0.03782
-0.0232825
-0.013993
-0.00823379
-0.00460884
-0.00238446
-0.00109887
-0.00042135
-0.000102898
2.2604e-05
5.50203e-05
4.83385e-05
3.29244e-05
-5.05487e-05
-8.47263e-05
-0.000124443
-0.000155993
-0.000156656
-8.37697e-05
0.000126537
0.000550703
0.00124985
0.00223175
0.00348
0.00553277
0.00933362
0.0155557
0.0267826
0.0471299
0.0805304
0.125445
0.177383
0.225719
0.253013
0.241279
0.171491
0.0465733
-0.115574
-0.285683
-0.431646
-0.534567
-0.578258
-0.562087
-0.495935
-0.40162
-0.298775
-0.210005
-0.142953
-0.094587
-0.0614906
-0.0388215
-0.0234493
-0.0137281
-0.0077657
-0.00414124
-0.00201179
-0.000860967
-0.000289979
-3.82357e-05
4.90109e-05
6.07863e-05
4.49364e-05
3.00539e-05
-4.05533e-05
-6.54756e-05
-0.000107414
-0.000157455
-0.000207863
-0.000246243
-0.000253404
-0.000214644
-0.000148074
-0.000154537
-0.000464813
-0.00130711
-0.00212684
-0.00275391
-0.00260769
0.000151583
0.00926755
0.0282441
0.0561836
0.0887271
0.114386
0.115869
0.0772264
-0.0132991
-0.147582
-0.304638
-0.44759
-0.560965
-0.622662
-0.624176
-0.572881
-0.484895
-0.381313
-0.281146
-0.198691
-0.135218
-0.0898323
-0.058251
-0.0362249
-0.0214333
-0.012195
-0.00666001
-0.00335021
-0.00152409
-0.000597551
-0.000155071
2.30312e-05
7.00042e-05
6.27686e-05
4.04845e-05
-4.91947e-05
-8.32796e-05
-0.000138681
-0.000208208
-0.000297861
-0.000414529
-0.000578506
-0.000849027
-0.00137081
-0.00244007
-0.00454812
-0.00798704
-0.012608
-0.0186461
-0.026159
-0.0331526
-0.0369153
-0.03383
-0.0246741
-0.01477
-0.014349
-0.0380304
-0.101696
-0.208494
-0.338095
-0.470167
-0.581735
-0.65012
-0.661768
-0.622606
-0.544979
-0.446417
-0.344273
-0.252392
-0.177232
-0.120571
-0.080087
-0.0516421
-0.0317742
-0.018576
-0.0103319
-0.00537844
-0.00256716
-0.00110165
-0.000376162
-5.23765e-05
5.92938e-05
7.47665e-05
5.57419e-05
3.86436e-05
-6.10632e-05
-0.000108731
-0.000180311
-0.000283782
-0.000439296
-0.000683733
-0.00109271
-0.00181979
-0.00315588
-0.00559803
-0.00985607
-0.0163758
-0.0254241
-0.0372859
-0.0522334
-0.0692374
-0.0861424
-0.0997082
-0.10922
-0.124813
-0.150624
-0.204784
-0.284043
-0.385981
-0.49746
-0.59815
-0.664305
-0.674276
-0.644987
-0.580291
-0.49093
-0.391397
-0.296713
-0.215524
-0.150726
-0.102388
-0.0677867
-0.0433273
-0.0265328
-0.0154139
-0.00840503
-0.00426485
-0.0019815
-0.000795542
-0.00023041
-3.14218e-06
6.41649e-05
6.44069e-05
4.67887e-05
-4.5544e-05
-7.91466e-05
-0.000140399
-0.000237713
-0.000391282
-0.000642472
-0.00106762
-0.0018095
-0.00312742
-0.00546171
-0.00949303
-0.0161187
-0.0259892
-0.0395955
-0.0573186
-0.0795955
-0.106019
-0.134918
-0.163764
-0.189241
-0.226922
-0.280475
-0.344842
-0.427272
-0.517557
-0.602616
-0.66126
-0.677825
-0.652446
-0.594217
-0.513068
-0.42018
-0.327986
-0.245261
-0.176527
-0.122828
-0.0831152
-0.0546071
-0.0346462
-0.0210698
-0.0121647
-0.00661269
-0.00332691
-0.00151624
-0.000590299
-0.000166125
2.79837e-06
4.82261e-05
4.31781e-05
-5.55167e-05
-0.000101971
-0.000183052
-0.000314523
-0.000534774
-0.000911426
-0.00156606
-0.00271408
-0.00472059
-0.00816274
-0.0138735
-0.0228906
-0.0360274
-0.0540004
-0.07721
-0.105571
-0.139916
-0.176402
-0.216622
-0.261
-0.314309
-0.379157
-0.449224
-0.525839
-0.594081
-0.643359
-0.660265
-0.63851
-0.588687
-0.515218
-0.430411
-0.343647
-0.26412
-0.194977
-0.138995
-0.0960882
-0.0645497
-0.0420419
-0.0264189
-0.0159231
-0.00915757
-0.00497789
-0.0025237
-0.00115202
-0.000455285
-0.000136256
-1.02874e-05
2.02208e-05
2.03584e-05
-6.84363e-05
-0.000131729
-0.000235136
-0.000410614
-0.000713557
-0.00124052
-0.00216023
-0.00375829
-0.0064938
-0.0110534
-0.0183737
-0.0295637
-0.0456334
-0.0673461
-0.0951692
-0.12911
-0.168478
-0.214402
-0.265943
-0.32241
-0.384066
-0.447221
-0.510054
-0.567313
-0.606363
-0.62241
-0.606545
-0.563136
-0.500393
-0.425228
-0.34632
-0.271361
-0.204761
-0.149248
-0.105356
-0.0721807
-0.0480009
-0.0309237
-0.0192341
-0.0115049
-0.0065853
-0.00359015
-0.00183381
-0.000861571
-0.00035459
-0.000119584
-2.29066e-05
9.51679e-06
-4.74869e-05
-8.90071e-05
-0.000164575
-0.000296007
-0.000523856
-0.000920764
-0.00161244
-0.00281129
-0.00486252
-0.00829669
-0.0138717
-0.022574
-0.0355359
-0.0538474
-0.0782693
-0.109375
-0.147152
-0.191357
-0.244503
-0.300144
-0.358163
-0.414281
-0.469254
-0.517743
-0.551817
-0.566063
-0.556185
-0.51995
-0.467063
-0.402899
-0.335104
-0.267233
-0.20562
-0.152911
-0.110055
-0.0767997
-0.0520127
-0.0341763
-0.0217596
-0.0133996
-0.00795932
-0.00454633
-0.00248032
-0.00128467
-0.000618185
-0.000271539
-0.000102896
-2.79901e-05
-5.43356e-05
-0.00010698
-0.000201717
-0.000364604
-0.000648453
-0.00114287
-0.00199894
-0.00346389
-0.00592494
-0.00995428
-0.0163367
-0.0260535
-0.0401996
-0.0598149
-0.0856911
-0.118292
-0.157904
-0.205844
-0.256965
-0.308621
-0.36071
-0.409399
-0.451049
-0.480562
-0.495992
-0.492206
-0.466711
-0.422456
-0.367904
-0.310059
-0.252346
-0.197949
-0.150011
-0.109941
-0.0780567
-0.0537559
-0.0359302
-0.0233093
-0.014671
-0.00895133
-0.00528798
-0.00301419
-0.00165236
-0.000865987
-0.000428116
-0.000197568
-8.38682e-05
-6.67804e-05
-0.000129748
-0.000241858
-0.000436275
-0.000774884
-0.00136098
-0.00236419
-0.00405359
-0.00683661
-0.0112936
-0.0181905
-0.0284507
-0.0430714
-0.062979
-0.0888578
-0.120996
-0.159788
-0.203262
-0.249884
-0.295916
-0.338796
-0.37516
-0.402234
-0.416981
-0.417704
-0.402489
-0.370062
-0.325484
-0.277716
-0.229653
-0.18328
-0.141288
-0.105325
-0.0760127
-0.0531718
-0.0360905
-0.0237891
-0.0152376
-0.0094891
-0.00574625
-0.00338043
-0.00192613
-0.00106195
-0.000561906
-0.000282439
-0.000130904
-8.04474e-05
-0.000152648
-0.000281317
-0.000504698
-0.000891341
-0.00155332
-0.00266984
-0.00451679
-0.00749855
-0.0121703
-0.0192372
-0.0295197
-0.0438778
-0.0630568
-0.0875137
-0.117219
-0.151975
-0.189834
-0.228723
-0.265748
-0.297611
-0.322135
-0.336964
-0.34091
-0.333726
-0.312603
-0.279429
-0.240593
-0.201642
-0.16347
-0.128024
-0.0969633
-0.0710651
-0.0504524
-0.0347358
-0.023223
-0.0150965
-0.00955577
-0.00589696
-0.00355106
-0.00208311
-0.00118889
-0.000657444
-0.000349245
-0.000175068
-8.13872e-05
-9.30177e-05
-0.000173639
-0.000316369
-0.000562964
-0.000985234
-0.00169819
-0.0028808
-0.00480064
-0.00783726
-0.012492
-0.0193785
-0.0291945
-0.0426025
-0.0601149
-0.0819287
-0.107692
-0.136578
-0.167307
-0.1974
-0.224726
-0.246359
-0.260971
-0.267363
-0.265087
-0.253335
-0.231666
-0.202307
-0.171028
-0.14065
-0.111765
-0.0858996
-0.0638772
-0.0459968
-0.0320967
-0.0217374
-0.0143145
-0.00918454
-0.00575421
-0.00352683
-0.0021154
-0.00123948
-0.000707496
-0.000389554
-0.000200045
-9.08542e-05
-0.000103753
-0.000190662
-0.000343169
-0.000604065
-0.00104472
-0.00177711
-0.00297099
-0.00487341
-0.00782161
-0.0122477
-0.0186528
-0.0275662
-0.0394479
-0.0545917
-0.0729403
-0.0940023
-0.1168
-0.139925
-0.1618
-0.18019
-0.193824
-0.201541
-0.202654
-0.196813
-0.184157
-0.164807
-0.140809
-0.116887
-0.0942261
-0.0734024
-0.0553165
-0.0403504
-0.0285149
-0.0195458
-0.0130205
-0.0084511
-0.00536037
-0.00333151
-0.00203238
-0.0012159
-0.000711355
-0.00040357
-0.000214963
-0.000105775
-0.000109758
-0.000200828
-0.000357717
-0.000621722
-0.0010609
-0.00178016
-0.00293513
-0.00474076
-0.00747975
-0.0114958
-0.0171645
-0.0248574
-0.0348624
-0.047279
-0.0618881
-0.0781585
-0.0951747
-0.111735
-0.126546
-0.138307
-0.146042
-0.149063
-0.147101
-0.140164
-0.128538
-0.112401
-0.0941166
-0.0767425
-0.0605229
-0.0461731
-0.0340908
-0.0243801
-0.0169012
-0.0113779
-0.00745921
-0.00477937
-0.00300378
-0.00185656
-0.00112892
-0.000673365
-0.00039146
-0.000214528
-0.000110266
-0.000111199
-0.000202708
-0.000357478
-0.000613928
-0.00103533
-0.0017158
-0.00278773
-0.00442641
-0.00685345
-0.0103223
-0.0150988
-0.0214221
-0.0294271
-0.039086
-0.0501285
-0.0620371
-0.0740672
-0.0852847
-0.0947703
-0.101687
-0.105471
-0.105784
-0.102583
-0.096038
-0.0861845
-0.0735183
-0.0604333
-0.0482398
-0.0372185
-0.027785
-0.0200814
-0.0140657
-0.00956194
-0.00632403
-0.0040858
-0.00259045
-0.00161743
-0.000995764
-0.000602693
-0.000356558
-0.000199842
-0.000106762
-0.000108034
-0.000196707
-0.000343844
-0.000584489
-0.00097436
-0.00159192
-0.00254242
-0.00396152
-0.00601067
-0.00886706
-0.0127038
-0.0176501
-0.0237455
-0.0308916
-0.038819
-0.0470947
-0.0551434
-0.062321
-0.0680186
-0.0717429
-0.07318
-0.0722021
-0.0688515
-0.0632624
-0.0553988
-0.0461829
-0.0372396
-0.0290248
-0.0218735
-0.0159563
-0.0112791
-0.00773405
-0.00515452
-0.00335238
-0.0021394
-0.00134599
-0.00083636
-0.000511665
-0.000304551
-0.000172276
-9.81775e-05
-9.98274e-05
-0.000183029
-0.000318455
-0.000536443
-0.000882988
-0.00141888
-0.0022239
-0.00339602
-0.00504659
-0.00729088
-0.0102294
-0.0139177
-0.0183401
-0.0233751
-0.0287899
-0.0342604
-0.0393749
-0.0437154
-0.0469073
-0.0486793
-0.0488741
-0.0474634
-0.0445202
-0.0400444
-0.0341692
-0.0278324
-0.0219078
-0.0166565
-0.0122475
-0.00872176
-0.00602336
-0.00404046
-0.00264125
-0.00169287
-0.00107042
-0.000669646
-0.000413174
-0.000246342
-0.000138101
-8.61196e-05
-8.72601e-05
-0.000161188
-0.000282575
-0.000474147
-0.0007694
-0.00121382
-0.00186467
-0.00278865
-0.00405799
-0.00574103
-0.00788796
-0.0105125
-0.0135699
-0.0169514
-0.020478
-0.0239172
-0.027006
-0.0294817
-0.0311326
-0.0318145
-0.0314621
-0.0300762
-0.0277162
-0.0243346
-0.0202096
-0.0160288
-0.0122902
-0.00909687
-0.00651391
-0.004522
-0.0030474
-0.00199871
-0.0012834
-0.000813128
-0.000510602
-0.00031727
-0.000192323
-0.000109974
-6.9042e-05
-0.000134696
-0.000242618
-0.000403804
-0.000643796
-0.000995929
-0.0014985
-0.00219437
-0.00312662
-0.00433165
-0.0058293
-0.00761078
-0.00962895
-0.0117957
-0.0139851
-0.0160452
-0.0178139
-0.0191409
-0.0199106
-0.0200523
-0.0195415
-0.0183918
-0.0165894
-0.0141682
-0.011421
-0.00881094
-0.00656001
-0.00471305
-0.00327858
-0.0022133
-0.00145292
-0.000931967
-0.000589308
-0.00036969
-0.000229323
-0.000138664
-8.23009e-05
-0.000121021
-0.000202419
-0.000329337
-0.000516655
-0.000783444
-0.00115436
-0.00165514
-0.00230926
-0.0031334
-0.00413112
-0.00528583
-0.00655739
-0.00788252
-0.00917922
-0.0103547
-0.0113147
-0.0119776
-0.0122842
-0.0122015
-0.0117178
-0.010841
-0.00952207
-0.00788498
-0.00616342
-0.00461344
-0.00331799
-0.00230455
-0.0015517
-0.00101534
-0.000647983
-0.000406698
-0.000253395
-0.000155657
-9.14374e-05
-4.87088e-05
-9.10134e-05
-0.000158074
-0.000257272
-0.000397215
-0.000590227
-0.000852168
-0.00119684
-0.00163551
-0.00217395
-0.00280864
-0.00352328
-0.00428823
-0.00506223
-0.00579524
-0.00643371
-0.00692635
-0.00723126
-0.00731969
-0.00717598
-0.006793
-0.00614579
-0.00523326
-0.00419023
-0.00316748
-0.00228232
-0.00157868
-0.00105487
-0.000683837
-0.000431494
-0.000266616
-0.000162883
-9.85531e-05
-5.97655e-05
-0.000124343
-0.000191468
-0.000289825
-0.000424819
-0.000602615
-0.000829583
-0.00111058
-0.00144652
-0.00183203
-0.00225432
-0.00269388
-0.00312571
-0.0035212
-0.00385132
-0.00408999
-0.00421701
-0.00421856
-0.00408389
-0.00380463
-0.00334227
-0.0027514
-0.00212198
-0.00153917
-0.00105988
-0.000700099
-0.000446468
-0.000276228
-0.000166107
-9.67138e-05
-5.14513e-05
-2.39352e-05
-7.80774e-05
-0.000128619
-0.000198965
-0.000291691
-0.000407591
-0.000550057
-0.000721832
-0.000922251
-0.00114589
-0.0013842
-0.00162561
-0.00185592
-0.00205979
-0.00222268
-0.00233236
-0.00237949
-0.00235658
-0.002255
-0.00205268
-0.00173908
-0.00137897
-0.00101853
-0.000702491
-0.000457998
-0.000285865
-0.000171738
-9.96169e-05
-5.30368e-05
-2.56673e-05
-8.42271e-05
-0.000130593
-0.000189884
-0.000260797
-0.000345142
-0.000447178
-0.000561894
-0.000685528
-0.000814399
-0.00094161
-0.00105945
-0.0011604
-0.00123793
-0.00128671
-0.00130231
-0.00127891
-0.00120757
-0.00106234
-0.000866156
-0.000657883
-0.000461186
-0.000298813
-0.000182314
-0.000105933
-5.55129e-05
-2.91192e-05
-7.9585e-05
-0.000114534
-0.000145408
-0.000203017
-0.000262284
-0.000322992
-0.000389731
-0.000457906
-0.0005227
-0.000580993
-0.00062971
-0.000666094
-0.000688012
-0.000693178
-0.00067731
-0.000624488
-0.00052673
-0.000413306
-0.000299258
-0.00019606
-0.000117454
-5.90434e-05
-3.45356e-05
-8.96784e-05
-0.000114819
-0.000131516
-0.000172137
-0.000208956
-0.000244327
-0.000275141
-0.000304321
-0.000327685
-0.000345127
-0.000355549
-0.00035731
-0.000348912
-0.00030917
-0.000252078
-0.000190843
-0.000125193
-7.38861e-05
-3.67093e-05
-7.33022e-05
-8.73963e-05
-0.000103871
-0.00010944
-0.000131337
-0.000146075
-0.000157495
-0.000166699
-0.000171928
-0.000165151
-0.00016679
-0.000139266
-0.000109783
-7.65194e-05
-4.08018e-05
-4.11092e-05
-4.77227e-05
-5.29117e-05
-5.77924e-05
-7.62045e-05
2.2563e-05
1.96217e-05
1.76915e-05
1.6555e-05
1.60886e-05
1.62428e-05
1.70337e-05
1.85464e-05
2.09477e-05
2.18482e-05
1.66535e-05
1.31071e-05
1.06762e-05
9.01757e-06
7.91214e-06
7.22099e-06
6.86135e-06
6.79146e-06
7.0033e-06
7.52123e-06
8.40619e-06
9.76624e-06
1.17769e-05
1.47126e-05
1.9001e-05
1.59536e-05
1.13913e-05
8.38108e-06
6.37181e-06
5.01887e-06
4.10544e-06
3.49464e-06
3.10109e-06
2.8723e-06
2.77911e-06
2.80992e-06
2.96853e-06
3.27483e-06
3.76856e-06
4.51707e-06
5.62889e-06
7.27617e-06
9.73227e-06
1.34325e-05
1.90751e-05
1.98425e-05
1.29731e-05
8.68232e-06
5.96848e-06
4.2283e-06
3.09684e-06
2.35204e-06
1.85756e-06
1.5292e-06
1.31503e-06
1.18338e-06
1.11561e-06
1.10252e-06
1.14235e-06
1.24043e-06
1.41027e-06
1.67637e-06
2.07951e-06
2.68587e-06
3.60248e-06
5.00325e-06
7.17266e-06
1.05795e-05
1.60005e-05
1.91305e-05
1.18059e-05
7.42475e-06
4.77617e-06
3.15433e-06
2.14657e-06
1.51054e-06
1.10293e-06
8.38328e-07
6.65231e-07
5.52425e-07
4.81261e-07
4.40501e-07
4.24043e-07
4.2949e-07
4.57622e-07
5.12555e-07
6.02666e-07
7.42524e-07
9.56379e-07
1.28424e-06
1.79238e-06
2.59138e-06
3.86747e-06
5.93656e-06
9.33802e-06
1.4996e-05
1.20415e-05
7.14834e-06
4.31884e-06
2.66599e-06
1.68817e-06
1.10099e-06
7.42464e-07
5.19648e-07
3.78883e-07
2.88785e-07
2.30778e-07
1.9385e-07
1.71607e-07
1.60302e-07
1.58134e-07
1.64762e-07
1.8122e-07
2.10163e-07
2.56522e-07
3.28765e-07
4.4117e-07
6.17838e-07
8.99808e-07
1.35766e-06
2.11393e-06
3.38309e-06
5.54268e-06
9.25971e-06
1.5713e-05
1.37383e-05
7.74635e-06
4.42036e-06
2.56282e-06
1.51594e-06
9.18748e-07
5.7299e-07
3.69334e-07
2.4709e-07
1.72245e-07
1.25642e-07
9.62446e-08
7.76391e-08
6.61906e-08
5.97478e-08
5.71726e-08
5.80257e-08
6.24487e-08
7.11982e-08
8.58456e-08
1.09205e-07
1.46137e-07
2.05015e-07
3.0038e-07
4.57767e-07
7.22539e-07
1.17607e-06
1.96551e-06
3.35827e-06
5.84165e-06
1.03034e-05
1.83555e-05
1.74379e-05
9.41125e-06
5.10949e-06
2.80136e-06
1.55737e-06
8.81704e-07
5.10641e-07
3.03941e-07
1.86807e-07
1.1912e-07
7.9158e-08
5.5048e-08
4.02554e-08
3.1067e-08
2.53787e-08
2.20353e-08
2.03612e-08
2.00426e-08
2.10206e-08
2.34734e-08
2.78659e-08
3.50853e-08
4.67106e-08
6.55196e-08
9.64336e-08
1.48277e-07
2.37085e-07
3.9234e-07
6.68781e-07
1.16878e-06
2.08462e-06
3.77798e-06
6.92807e-06
1.28045e-05
1.27235e-05
6.62953e-06
3.4663e-06
1.82575e-06
9.7282e-07
5.26704e-07
2.91132e-07
1.65099e-07
9.65453e-08
5.85189e-08
3.69523e-08
2.44224e-08
1.69746e-08
1.24732e-08
9.71962e-09
8.07516e-09
7.16883e-09
6.81084e-09
6.92915e-09
7.54664e-09
8.78725e-09
1.09147e-08
1.44176e-08
2.01761e-08
2.97811e-08
4.61466e-08
7.46876e-08
1.25607e-07
2.18361e-07
3.90385e-07
7.14174e-07
1.33054e-06
2.513e-06
4.79102e-06
9.1831e-06
9.56411e-06
4.81476e-06
2.42572e-06
1.22778e-06
6.26975e-07
3.24486e-07
1.71026e-07
9.22788e-08
5.12454e-08
2.94533e-08
1.76205e-08
1.10303e-08
7.25905e-09
5.05363e-09
3.74125e-09
2.95486e-09
2.50604e-09
2.28527e-09
2.24353e-09
2.37154e-09
2.69665e-09
3.29177e-09
4.30056e-09
5.98919e-09
8.84904e-09
1.37994e-08
2.25878e-08
3.85894e-08
6.84131e-08
1.25146e-07
2.34923e-07
4.5018e-07
8.76293e-07
1.72462e-06
3.41688e-06
6.78758e-06
1.3469e-05
1.51551e-05
7.42114e-06
3.61362e-06
1.75587e-06
8.54612e-07
4.184e-07
2.06987e-07
1.03983e-07
5.33306e-08
2.8083e-08
1.52735e-08
8.63217e-09
5.10049e-09
3.16952e-09
2.08034e-09
1.45372e-09
1.08676e-09
8.74233e-10
7.60428e-10
7.16056e-10
7.30531e-10
8.07052e-10
9.63824e-10
1.24064e-09
1.71438e-09
2.53003e-09
3.96438e-09
6.55661e-09
1.1374e-08
2.05637e-08
3.85022e-08
7.42026e-08
1.46357e-07
2.93848e-07
5.97505e-07
1.22471e-06
2.51953e-06
5.18176e-06
1.06154e-05
1.25137e-05
5.95361e-06
2.80841e-06
1.31787e-06
6.17489e-07
2.90072e-07
1.37239e-07
6.57185e-08
3.20237e-08
1.59741e-08
8.20762e-09
4.37212e-09
2.43161e-09
1.41997e-09
8.77127e-10
5.74831e-10
4.04354e-10
3.06317e-10
2.52283e-10
2.26274e-10
2.2134e-10
2.36174e-10
2.74441e-10
3.46496e-10
4.73291e-10
6.95914e-10
1.09384e-09
1.82566e-09
3.2146e-09
5.92735e-09
1.13654e-08
2.25041e-08
4.57256e-08
9.47834e-08
1.99327e-07
4.2311e-07
9.0233e-07
1.92515e-06
4.09332e-06
8.64329e-06
1.0677e-05
4.9449e-06
2.26385e-06
1.02774e-06
4.64297e-07
2.09558e-07
9.49126e-08
4.33495e-08
2.00742e-08
9.48141e-09
4.59729e-09
2.30422e-09
1.20232e-09
6.57949e-10
3.80357e-10
2.33803e-10
1.53237e-10
1.08724e-10
8.39822e-11
7.11828e-11
6.62591e-11
6.77945e-11
7.61936e-11
9.38395e-11
1.26152e-10
1.84091e-10
2.89605e-10
4.87339e-10
8.70528e-10
1.63742e-09
3.21695e-09
6.55088e-09
1.37283e-08
2.94155e-08
6.40547e-08
1.40976e-07
3.12016e-07
6.91316e-07
1.52709e-06
3.35076e-06
7.27889e-06
9.4185e-06
4.25579e-06
1.8951e-06
8.34099e-07
3.64056e-07
1.58165e-07
6.86865e-08
2.99595e-08
1.3195e-08
5.90264e-09
2.69987e-09
1.27174e-09
6.21543e-10
3.17831e-10
1.71212e-10
9.80643e-11
5.98056e-11
3.9424e-11
2.83204e-11
2.24597e-11
1.97143e-11
1.91781e-11
2.06822e-11
2.46727e-11
3.24588e-11
4.68149e-11
7.35027e-11
1.2449e-10
2.2543e-10
4.3274e-10
8.72072e-10
1.82898e-09
3.95925e-09
8.78282e-09
1.98348e-08
4.53273e-08
1.04254e-07
2.4017e-07
5.51772e-07
1.25931e-06
2.84531e-06
6.34453e-06
8.59097e-06
3.79681e-06
1.64868e-06
7.05285e-07
2.98143e-07
1.24975e-07
5.21531e-08
2.17652e-08
9.13057e-09
3.8728e-09
1.67177e-09
7.39785e-10
3.38369e-10
1.61166e-10
8.07008e-11
4.2847e-11
2.43215e-11
1.47642e-11
9.78411e-12
7.17513e-12
5.87535e-12
5.38161e-12
5.51617e-12
6.32291e-12
8.07984e-12
1.14567e-11
1.78689e-11
3.03739e-11
5.57396e-11
1.0921e-10
2.26078e-10
4.89104e-10
1.09588e-09
2.52233e-09
5.91921e-09
1.40711e-08
3.36861e-08
8.08036e-08
1.93311e-07
4.59393e-07
1.08057e-06
2.50767e-06
5.72538e-06
8.09976e-06
3.51092e-06
1.49083e-06
6.21647e-07
2.55249e-07
1.03529e-07
4.16302e-08
1.66661e-08
6.67494e-09
2.68953e-09
1.0972e-09
4.56469e-10
1.95239e-10
8.65978e-11
4.02043e-11
1.97194e-11
1.03212e-11
5.80533e-12
3.51019e-12
2.35077e-12
1.77342e-12
1.51117e-12
1.4564e-12
1.58762e-12
1.95355e-12
2.70043e-12
4.16154e-12
7.0776e-12
1.31336e-11
2.62668e-11
5.58982e-11
1.25044e-10
2.90782e-10
6.96255e-10
1.70218e-09
4.21879e-09
1.0534e-08
2.63535e-08
6.57462e-08
1.62883e-07
3.99251e-07
9.65086e-07
2.29392e-06
5.34772e-06
7.8865e-06
3.36271e-06
1.40061e-06
5.71086e-07
2.28507e-07
8.99775e-08
3.498e-08
1.34774e-08
5.16937e-09
1.98417e-09
7.66788e-10
3.00439e-10
1.20307e-10
4.96818e-11
2.13583e-11
9.65805e-12
4.64164e-12
2.39578e-12
1.33045e-12
8.0581e-13
5.50015e-13
4.30118e-13
3.8448e-13
3.9353e-13
4.6097e-13
6.15359e-13
9.29604e-13
1.57259e-12
2.94239e-12
6.00135e-12
1.31466e-11
3.04796e-11
7.38001e-11
1.84477e-10
4.71409e-10
1.22176e-09
3.18961e-09
8.34009e-09
2.17343e-08
5.6211e-08
1.43737e-07
3.62213e-07
8.96908e-07
2.17672e-06
5.16589e-06
7.91854e-06
3.3316e-06
1.36559e-06
5.46334e-07
2.1379e-07
8.20288e-08
3.09493e-08
1.15208e-08
4.24821e-09
1.5591e-09
5.72736e-10
2.11994e-10
7.96712e-11
3.06742e-11
1.22189e-11
5.09015e-12
2.24161e-12
1.05562e-12
5.36843e-13
2.93617e-13
1.79616e-13
1.36326e-13
1.99833e-13
3.33609e-13
6.26151e-13
1.29992e-12
2.93234e-12
7.06246e-12
1.78695e-11
4.68224e-11
1.25578e-10
3.41596e-10
9.35442e-10
2.56319e-09
6.99212e-09
1.89083e-08
5.05023e-08
1.32795e-07
3.42792e-07
8.66491e-07
2.14001e-06
5.15387e-06
8.18144e-06
3.40756e-06
1.37923e-06
5.43368e-07
2.08748e-07
7.83626e-08
2.88161e-08
1.04099e-08
3.7071e-09
1.30688e-09
4.58413e-10
1.60973e-10
5.69935e-11
2.05209e-11
7.58928e-12
2.91489e-12
1.17614e-12
5.04397e-13
2.32607e-13
1.26641e-13
2.66553e-13
6.18565e-13
1.55013e-12
4.11438e-12
1.13529e-11
3.21173e-11
9.21245e-11
2.65697e-10
7.65459e-10
2.19143e-09
6.20839e-09
1.73448e-08
4.76376e-08
1.28282e-07
3.37889e-07
8.68667e-07
2.17564e-06
5.29968e-06
3.58818e-06
1.43913e-06
5.6041e-07
2.12209e-07
7.82747e-08
2.818e-08
9.92771e-09
3.43199e-09
1.16847e-09
3.93494e-10
1.31817e-10
4.42135e-11
1.49628e-11
5.15929e-12
1.83274e-12
6.78972e-13
2.65298e-13
1.23174e-13
3.21431e-13
8.97764e-13
2.62194e-12
7.86685e-12
2.39252e-11
7.30314e-11
2.22135e-10
6.69594e-10
1.99218e-09
5.83137e-09
1.67483e-08
4.70832e-08
1.29279e-07
3.46035e-07
9.01323e-07
2.28104e-06
5.60107e-06
3.87559e-06
1.54574e-06
5.97232e-07
2.2381e-07
8.14762e-08
2.88578e-08
9.96577e-09
3.36321e-09
1.11237e-09
3.62005e-10
1.16455e-10
3.72503e-11
1.19286e-11
3.85851e-12
1.27431e-12
4.35054e-13
1.55406e-13
1.84949e-13
5.74503e-13
1.83935e-12
5.96857e-12
1.93952e-11
6.26016e-11
1.99496e-10
6.25213e-10
1.92139e-09
5.77877e-09
1.6973e-08
4.86002e-08
1.35453e-07
3.6689e-07
9.64449e-07
2.4574e-06
6.06198e-06
4.27325e-06
1.7007e-06
6.54421e-07
2.43726e-07
8.79582e-08
3.08003e-08
1.04788e-08
3.47283e-09
1.12327e-09
3.55719e-10
1.1068e-10
3.40353e-11
1.04068e-11
3.18521e-12
9.86042e-13
3.12399e-13
1.02684e-13
1.18712e-13
4.08449e-13
1.42451e-12
4.96209e-12
1.70995e-11
5.78968e-11
1.91863e-10
6.20704e-10
1.95817e-09
6.01497e-09
1.79683e-08
5.21467e-08
1.46847e-07
4.00798e-07
1.05913e-06
2.70712e-06
4.7793e-06
1.90448e-06
7.32523e-07
2.72188e-07
9.78009e-08
3.40211e-08
1.14719e-08
3.75568e-09
1.19558e-09
3.71014e-10
1.12685e-10
3.36104e-11
9.89844e-12
2.89665e-12
8.49547e-13
2.52222e-13
8.51307e-14
3.22433e-13
1.2156e-12
4.50637e-12
1.6315e-11
5.74501e-11
1.96392e-10
6.51301e-10
2.09494e-09
6.53256e-09
1.97411e-08
5.77763e-08
1.63639e-07
4.48172e-07
1.18598e-06
3.03007e-06
2.15141e-06
8.30095e-07
3.08921e-07
1.10978e-07
3.85215e-08
1.29348e-08
4.2068e-09
1.32759e-09
4.07264e-10
1.21682e-10
3.55146e-11
1.01877e-11
2.88727e-12
8.12847e-13
2.29225e-13
6.77309e-14
2.80667e-13
1.13392e-12
4.43266e-12
1.67018e-11
6.06181e-11
2.12014e-10
7.15468e-10
2.33057e-09
7.33393e-09
2.22987e-08
6.54901e-08
1.85728e-07
5.08345e-07
1.3421e-06
3.41585e-06
2.41981e-06
9.39773e-07
3.51583e-07
1.26787e-07
4.41074e-08
1.48177e-08
4.81329e-09
1.51419e-09
4.62146e-10
1.37125e-10
3.96683e-11
1.1211e-11
3.11152e-12
8.52866e-13
2.32465e-13
5.84513e-14
2.64355e-13
1.13684e-12
4.64456e-12
1.80531e-11
6.69686e-11
2.37819e-10
8.1063e-10
2.65769e-09
8.39159e-09
2.55366e-08
7.49109e-08
2.11815e-07
5.77129e-07
1.51476e-06
2.65244e-06
1.04021e-06
3.92576e-07
1.42657e-07
4.99488e-08
1.68661e-08
5.49941e-09
1.73456e-09
5.30102e-10
1.57298e-10
4.54833e-11
1.28452e-11
3.55481e-12
9.66517e-13
2.59187e-13
6.88509e-14
5.18906e-14
2.59323e-13
1.18663e-12
5.03791e-12
2.00621e-11
7.55075e-11
2.70419e-10
9.25319e-10
3.03501e-09
9.5643e-09
2.89903e-08
8.45677e-08
2.37455e-07
6.41716e-07
1.66874e-06
1.07967e-06
4.12408e-07
1.51559e-07
5.36188e-08
1.82778e-08
6.0111e-09
1.91087e-09
5.8855e-10
1.76132e-10
5.13945e-11
1.46843e-11
4.11577e-12
1.13283e-12
3.06106e-13
8.14951e-14
4.1082e-14
2.42948e-13
1.20592e-12
5.34438e-12
2.17834e-11
8.28788e-11
2.97747e-10
1.01747e-09
3.32233e-09
1.03995e-08
3.12588e-08
9.03095e-08
2.50876e-07
6.70176e-07
1.72117e-06
9.43747e-07
3.65952e-07
1.3647e-07
4.89704e-08
1.69259e-08
5.64378e-09
1.81978e-09
5.69342e-10
1.73603e-10
5.18618e-11
1.5261e-11
4.43919e-12
1.27441e-12
3.59721e-13
9.95127e-14
-6.14884e-15
8.25285e-15
1.50776e-13
9.62611e-13
4.72625e-12
2.01575e-11
7.81871e-11
2.82385e-10
9.62195e-10
3.11941e-09
9.66551e-09
2.87074e-08
8.18545e-08
2.24223e-07
5.90218e-07
1.54846e-07
5.88235e-08
2.15207e-08
7.59889e-09
2.59958e-09
8.66938e-10
2.84273e-10
9.2653e-11
3.0327e-11
1.00235e-11
3.33433e-12
1.10186e-12
3.554e-13
1.10466e-13
3.28259e-14
-3.70971e-14
-9.80624e-14
-2.0905e-13
-2.51201e-13
6.01264e-13
6.02694e-12
2.98668e-11
1.19027e-10
4.22315e-10
1.38593e-09
4.28447e-09
1.26016e-08
3.54401e-08
9.55672e-08
2.47264e-07
-4.27276e-07
-1.65259e-07
-6.13768e-08
-2.18821e-08
-7.47822e-09
-2.44302e-09
-7.59015e-10
-2.22196e-10
-6.02513e-11
-1.46332e-11
-2.93849e-12
-3.57723e-13
5.70578e-14
6.17132e-14
2.87429e-14
-3.73493e-14
-1.29474e-13
-4.33754e-13
-1.41562e-12
-4.54865e-12
-1.45516e-11
-4.65788e-11
-1.48826e-10
-4.71239e-10
-1.46567e-09
-4.44437e-09
-1.30662e-08
-3.71045e-08
-1.01538e-07
-2.67394e-07
-7.12889e-07
-2.71127e-07
-9.91067e-08
-3.48139e-08
-1.1746e-08
-3.80182e-09
-1.17788e-09
-3.47941e-10
-9.73614e-11
-2.55395e-11
-6.17474e-12
-1.33559e-12
-2.42248e-13
-2.96374e-14
1.38844e-15
-1.12654e-13
-4.11723e-13
-1.47762e-12
-5.21471e-12
-1.81331e-11
-6.21425e-11
-2.09177e-10
-6.88452e-10
-2.2042e-09
-6.83836e-09
-2.05012e-08
-5.92706e-08
-1.65031e-07
-4.42139e-07
-1.1392e-06
-1.94964e-06
-7.60374e-07
-2.85157e-07
-1.02857e-07
-3.56838e-08
-1.19036e-08
-3.81538e-09
-1.17326e-09
-3.45235e-10
-9.68022e-11
-2.57049e-11
-6.40751e-12
-1.48059e-12
-3.10776e-13
-5.70754e-14
-9.2511e-14
-3.47841e-13
-1.28931e-12
-4.7027e-12
-1.68254e-11
-5.89739e-11
-2.02044e-10
-6.74814e-10
-2.18889e-09
-6.87487e-09
-2.08653e-08
-6.10942e-08
-1.72374e-07
-4.68244e-07
-1.22386e-06
-1.849e-06
-7.12699e-07
-2.64394e-07
-9.44263e-08
-3.24713e-08
-1.07508e-08
-3.42564e-09
-1.04944e-09
-3.0853e-10
-8.68032e-11
-2.32793e-11
-5.92201e-12
-1.42039e-12
-3.18926e-13
-6.63874e-14
-7.94652e-14
-2.97574e-13
-1.10588e-12
-4.06104e-12
-1.4651e-11
-5.17438e-11
-1.78446e-10
-5.99384e-10
-1.95633e-09
-6.18433e-09
-1.89078e-08
-5.58313e-08
-1.5902e-07
-4.36491e-07
-1.15383e-06
-2.93569e-06
-1.66485e-06
-6.36251e-07
-2.34288e-07
-8.31604e-08
-2.84627e-08
-9.39527e-09
-2.99072e-09
-9.17585e-10
-2.71051e-10
-7.69594e-11
-2.0958e-11
-5.46232e-12
-1.36019e-12
-3.23371e-13
-7.35329e-14
-7.48746e-14
-2.72233e-13
-9.91482e-13
-3.59183e-12
-1.28722e-11
-4.53146e-11
-1.55888e-10
-5.22751e-10
-1.70515e-09
-5.39645e-09
-1.6543e-08
-4.90481e-08
-1.40471e-07
-3.88204e-07
-1.03441e-06
-2.65573e-06
-3.73524e-06
-1.47274e-06
-5.5994e-07
-2.0542e-07
-7.27596e-08
-2.48962e-08
-8.2335e-09
-2.63252e-09
-8.13779e-10
-2.43142e-10
-7.01782e-11
-1.95582e-11
-5.26412e-12
-1.37043e-12
-3.46367e-13
-8.57362e-14
-2.74299e-13
-9.61943e-13
-3.38564e-12
-1.18533e-11
-4.09897e-11
-1.39384e-10
-4.63615e-10
-1.5021e-09
-4.73325e-09
-1.44751e-08
-4.28953e-08
-1.2301e-07
-3.40958e-07
-9.12587e-07
-2.3566e-06
-3.31783e-06
-1.30405e-06
-4.95025e-07
-1.81636e-07
-6.44746e-08
-2.21598e-08
-7.38071e-09
-2.38407e-09
-7.47335e-10
-2.27475e-10
-6.72761e-11
-1.9355e-11
-5.42915e-12
-1.49117e-12
-4.03967e-13
-1.09266e-13
-9.53696e-14
-3.08761e-13
-1.0263e-12
-3.45814e-12
-1.16908e-11
-3.93208e-11
-1.30652e-10
-4.26656e-10
-1.36358e-09
-4.25485e-09
-1.29146e-08
-3.80714e-08
-1.08844e-07
-3.01379e-07
-8.07261e-07
-2.08963e-06
-5.22269e-06
-2.97464e-06
-1.1695e-06
-4.44902e-07
-1.63939e-07
-5.85787e-08
-2.03222e-08
-6.85363e-09
-2.24989e-09
-7.19924e-10
-2.2488e-10
-6.87018e-11
-2.05833e-11
-6.07328e-12
-1.77644e-12
-5.20246e-13
-1.54817e-13
-1.30414e-13
-3.9074e-13
-1.21538e-12
-3.87243e-12
-1.24953e-11
-4.04226e-11
-1.30079e-10
-4.13894e-10
-1.29536e-09
-3.97117e-09
-1.18943e-08
-3.4711e-08
-9.84997e-08
-2.71324e-07
-7.24529e-07
-1.87333e-06
-4.6848e-06
-6.6597e-06
-2.71371e-06
-1.07099e-06
-4.09873e-07
-1.52306e-07
-5.50334e-08
-1.93672e-08
-6.64967e-09
-2.23182e-09
-7.3379e-10
-2.36919e-10
-7.53509e-11
-2.3706e-11
-7.42094e-12
-2.33108e-12
-7.43411e-13
-2.4476e-13
-8.49967e-14
-2.01667e-13
-5.55079e-13
-1.60078e-12
-4.77628e-12
-1.45634e-11
-4.49029e-11
-1.38758e-10
-4.26634e-10
-1.29768e-09
-3.88617e-09
-1.14178e-08
-3.2803e-08
-9.19363e-08
-2.5085e-07
-6.6521e-07
-1.71173e-06
-4.26872e-06
-6.18604e-06
-2.53394e-06
-1.00751e-06
-3.89401e-07
-1.46535e-07
-5.37859e-08
-1.92957e-08
-6.78112e-09
-2.34052e-09
-7.95667e-10
-2.67326e-10
-8.91484e-11
-2.96687e-11
-9.92839e-12
-3.37111e-12
-1.17858e-12
-4.30575e-13
-1.6874e-13
-1.48922e-13
-3.50821e-13
-8.82368e-13
-2.34152e-12
-6.49219e-12
-1.85592e-11
-5.40924e-11
-1.59243e-10
-4.69751e-10
-1.37937e-09
-4.01004e-09
-1.14893e-08
-3.23294e-08
-8.90709e-08
-2.39671e-07
-6.28542e-07
-1.60365e-06
-3.97431e-06
-5.8881e-06
-2.43273e-06
-9.77987e-07
-3.83214e-07
-1.46644e-07
-5.49224e-08
-2.01825e-08
-7.2972e-09
-2.60417e-09
-9.2067e-10
-3.23852e-10
-1.13944e-10
-4.03656e-11
-1.45186e-11
-5.35877e-12
-2.05868e-12
-8.37421e-13
-3.67751e-13
-1.77765e-13
-1.60157e-13
-3.16447e-13
-6.75464e-13
-1.55057e-12
-3.78106e-12
-9.6918e-12
-2.58173e-11
-7.06973e-11
-1.97034e-10
-5.54103e-10
-1.5611e-09
-4.37958e-09
-1.21722e-08
-3.33755e-08
-8.99643e-08
-2.3769e-07
-6.14001e-07
-1.54746e-06
-3.79793e-06
-5.76261e-06
-2.40944e-06
-9.82839e-07
-3.91915e-07
-1.53121e-07
-5.8767e-08
-2.22204e-08
-8.30484e-09
-3.07971e-09
-1.13812e-09
-4.21304e-10
-1.57181e-10
-5.9541e-11
-2.31064e-11
-9.29213e-12
-3.92774e-12
-1.77178e-12
-8.67477e-13
-4.68748e-13
-2.83841e-13
-1.95265e-13
-1.5409e-13
-1.40381e-13
-1.47937e-13
-1.8003e-13
-2.53929e-13
-4.09062e-13
-7.36834e-13
-1.428e-12
-2.98872e-12
-6.68491e-12
-1.58006e-11
-3.9079e-11
-1.00059e-10
-2.6265e-10
-7.00461e-10
-1.88348e-09
-5.07292e-09
-1.36093e-08
-3.61899e-08
-9.5019e-08
-2.4547e-07
-6.22145e-07
-1.54318e-06
-3.73783e-06
-8.82427e-06
-5.81389e-06
-2.46804e-06
-1.02503e-06
-4.17465e-07
-1.67163e-07
-6.60051e-08
-2.57862e-08
-1.00049e-08
-3.87196e-09
-1.50211e-09
-5.87562e-10
-2.3329e-10
-9.47608e-11
-3.97585e-11
-1.74168e-11
-8.08603e-12
-4.02474e-12
-2.18064e-12
-1.30383e-12
-8.69572e-13
-6.55709e-13
-5.6197e-13
-5.4964e-13
-6.12765e-13
-7.78608e-13
-1.12809e-12
-1.83993e-12
-3.26726e-12
-6.24318e-12
-1.28251e-11
-2.79403e-11
-6.40276e-11
-1.52773e-10
-3.76315e-10
-9.47983e-10
-2.42228e-09
-6.23578e-09
-1.6076e-08
-4.12841e-08
-1.05143e-07
-2.64551e-07
-6.55408e-07
-1.59429e-06
-3.79839e-06
-8.84418e-06
-6.05804e-06
-2.61915e-06
-1.11116e-06
-4.63775e-07
-1.90998e-07
-7.78706e-08
-3.15474e-08
-1.27533e-08
-5.16938e-09
-2.11254e-09
-8.75822e-10
-3.70942e-10
-1.61836e-10
-7.34164e-11
-3.50196e-11
-1.77681e-11
-9.70008e-12
-5.76795e-12
-3.77656e-12
-2.75035e-12
-2.24576e-12
-2.06433e-12
-2.14e-12
-2.49998e-12
-3.28944e-12
-4.86165e-12
-7.93899e-12
-1.39476e-11
-2.63174e-11
-5.29516e-11
-1.1249e-10
-2.50163e-10
-5.77087e-10
-1.36926e-09
-3.31455e-09
-8.12746e-09
-2.00612e-08
-4.95686e-08
-1.22005e-07
-2.97898e-07
-7.18906e-07
-1.70925e-06
-3.99272e-06
-9.14095e-06
-6.52768e-06
-2.88272e-06
-1.25304e-06
-5.37645e-07
-2.28449e-07
-9.64742e-08
-4.06576e-08
-1.71773e-08
-7.31309e-09
-3.15577e-09
-1.38904e-09
-6.28173e-10
-2.94322e-10
-1.44114e-10
-7.45806e-11
-4.11506e-11
-2.44647e-11
-1.58323e-11
-1.12445e-11
-8.8476e-12
-7.74428e-12
-7.562e-12
-8.23815e-12
-1.00103e-11
-1.35547e-11
-2.02552e-11
-3.29705e-11
-5.74184e-11
-1.06963e-10
-2.10873e-10
-4.36837e-10
-9.42659e-10
-2.10334e-09
-4.81304e-09
-1.12113e-08
-2.64172e-08
-6.26052e-08
-1.4845e-07
-3.50623e-07
-8.21619e-07
-1.90346e-06
-4.34647e-06
-9.756e-06
-7.27846e-06
-3.29211e-06
-1.4702e-06
-6.50287e-07
-2.85869e-07
-1.25386e-07
-5.51101e-08
-2.43901e-08
-1.09281e-08
-4.98612e-09
-2.33186e-09
-1.12573e-09
-5.65793e-10
-2.98403e-10
-1.66684e-10
-9.94525e-11
-6.39085e-11
-4.46516e-11
-3.4142e-11
-2.87464e-11
-2.67107e-11
-2.74475e-11
-3.11849e-11
-3.91099e-11
-5.40367e-11
-8.11942e-11
-1.31822e-10
-2.27692e-10
-4.17685e-10
-8.06882e-10
-1.63069e-09
-3.42032e-09
-7.38789e-09
-1.63203e-08
-3.66316e-08
-8.30618e-08
-1.89245e-07
-4.31188e-07
-9.78385e-07
-2.20253e-06
-4.90289e-06
-1.07605e-05
-8.39917e-06
-3.90049e-06
-1.794e-06
-8.19964e-07
-3.73795e-07
-1.70652e-07
-7.83785e-08
-3.63957e-08
-1.71806e-08
-8.29362e-09
-4.12054e-09
-2.12204e-09
-1.1412e-09
-6.45827e-10
-3.87664e-10
-2.48641e-10
-1.71683e-10
-1.28507e-10
-1.04828e-10
-9.35442e-11
-9.14939e-11
-9.81594e-11
-1.15403e-10
-1.4855e-10
-2.07776e-10
-3.14083e-10
-5.06153e-10
-8.66856e-10
-1.56661e-09
-2.968e-09
-5.85329e-09
-1.1934e-08
-2.49806e-08
-5.33411e-08
-1.15517e-07
-2.52367e-07
-5.53466e-07
-1.21316e-06
-2.64734e-06
-5.7309e-06
-1.22684e-05
-1.00277e-05
-4.7914e-06
-2.27445e-06
-1.07636e-06
-5.09767e-07
-2.42634e-07
-1.16603e-07
-5.68609e-08
-2.82908e-08
-1.44465e-08
-7.61727e-09
-4.17602e-09
-2.3958e-09
-1.44894e-09
-9.30151e-10
-6.37454e-10
-4.6961e-10
-3.73786e-10
-3.22751e-10
-3.02982e-10
-3.09653e-10
-3.4451e-10
-4.16615e-10
-5.46681e-10
-7.71359e-10
-1.16742e-09
-1.87295e-09
-3.17474e-09
-5.64859e-09
-1.04896e-08
-2.01964e-08
-4.00477e-08
-8.12924e-08
-1.67949e-07
-3.51304e-07
-7.40286e-07
-1.56451e-06
-3.3026e-06
-6.93807e-06
-1.4456e-05
-1.23762e-05
-6.09569e-06
-2.99155e-06
-1.46815e-06
-7.23362e-07
-3.59342e-07
-1.80821e-07
-9.26323e-08
-4.85675e-08
-2.62094e-08
-1.46442e-08
-8.52272e-09
-5.20107e-09
-3.3473e-09
-2.28547e-09
-1.66452e-09
-1.29944e-09
-1.09223e-09
-9.90976e-10
-9.72003e-10
-1.03111e-09
-1.18237e-09
-1.46336e-09
-1.94576e-09
-2.76373e-09
-4.1767e-09
-6.66485e-09
-1.11721e-08
-1.95705e-08
-3.56123e-08
-6.69343e-08
-1.29164e-07
-2.54454e-07
-5.09124e-07
-1.02958e-06
-2.09487e-06
-4.27073e-06
-8.6907e-06
-1.57713e-05
-8.0193e-06
-4.07437e-06
-2.07599e-06
-1.06505e-06
-5.52531e-07
-2.91195e-07
-1.56665e-07
-8.64868e-08
-4.92547e-08
-2.90978e-08
-1.79326e-08
-1.15938e-08
-7.90477e-09
-5.71244e-09
-4.39533e-09
-3.61504e-09
-3.18794e-09
-3.01982e-09
-3.0754e-09
-3.36671e-09
-3.95718e-09
-4.98613e-09
-6.69476e-09
-9.54979e-09
-1.43989e-08
-2.28067e-08
-3.77773e-08
-6.51068e-08
-1.16107e-07
-2.13078e-07
-4.0028e-07
-7.65821e-07
-1.48514e-06
-2.90623e-06
-5.71486e-06
-1.12492e-05
-1.08894e-05
-5.733e-06
-3.03503e-06
-1.62206e-06
-8.78896e-07
-4.84978e-07
-2.73817e-07
-1.58954e-07
-9.53558e-08
-5.94129e-08
-3.8646e-08
-2.63704e-08
-1.89634e-08
-1.44329e-08
-1.16686e-08
-1.0052e-08
-9.24644e-09
-9.09292e-09
-9.5623e-09
-1.07472e-08
-1.28903e-08
-1.64597e-08
-2.22657e-08
-3.18159e-08
-4.77836e-08
-7.50529e-08
-1.2275e-07
-2.08009e-07
-3.63417e-07
-6.51331e-07
-1.19166e-06
-2.21548e-06
-4.16713e-06
-7.89717e-06
-1.50208e-05
-1.52279e-05
-8.3129e-06
-4.57411e-06
-2.5468e-06
-1.44083e-06
-8.31847e-07
-4.92291e-07
-3.00012e-07
-1.89161e-07
-1.23961e-07
-8.48135e-08
-6.08444e-08
-4.59462e-08
-3.66533e-08
-3.09792e-08
-2.78046e-08
-2.65381e-08
-2.69544e-08
-2.91285e-08
-3.34589e-08
-4.07958e-08
-5.25989e-08
-7.15098e-08
-1.02145e-07
-1.52593e-07
-2.37408e-07
-3.83057e-07
-6.38024e-07
-1.09192e-06
-1.9114e-06
-3.40717e-06
-6.15856e-06
-1.12423e-05
-1.23874e-05
-7.08425e-06
-4.10794e-06
-2.42493e-06
-1.46321e-06
-9.06292e-07
-5.78682e-07
-3.82531e-07
-2.6287e-07
-1.88533e-07
-1.41646e-07
-1.11851e-07
-9.30992e-08
-8.18674e-08
-7.61817e-08
-7.50878e-08
-7.84082e-08
-8.66967e-08
-1.01384e-07
-1.25163e-07
-1.62579e-07
-2.21592e-07
-3.15817e-07
-4.68712e-07
-7.21638e-07
-1.14785e-06
-1.87831e-06
-3.14857e-06
-5.384e-06
-9.35371e-06
-1.64458e-05
-1.8913e-05
-1.12383e-05
-6.78264e-06
-4.17344e-06
-2.6283e-06
-1.70076e-06
-1.13527e-06
-7.84717e-07
-5.63731e-07
-4.22363e-07
-3.31071e-07
-2.72257e-07
-2.35427e-07
-2.14443e-07
-2.05987e-07
-2.08767e-07
-2.23208e-07
-2.51563e-07
-2.98496e-07
-3.71956e-07
-4.8557e-07
-6.62159e-07
-9.4007e-07
-1.38439e-06
-2.10711e-06
-3.30202e-06
-5.3066e-06
-8.71196e-06
-1.45545e-05
-1.82008e-05
-1.14222e-05
-7.3166e-06
-4.80127e-06
-3.23941e-06
-2.25516e-06
-1.62548e-06
-1.21698e-06
-9.49255e-07
-7.73454e-07
-6.59809e-07
-5.90368e-07
-5.54758e-07
-5.47871e-07
-5.6874e-07
-6.2034e-07
-7.10234e-07
-8.52285e-07
-1.06945e-06
-1.39998e-06
-1.90655e-06
-2.69248e-06
-3.92999e-06
-5.90837e-06
-9.11664e-06
-1.43852e-05
-1.9548e-05
-1.30161e-05
-8.88407e-06
-6.23639e-06
-4.51668e-06
-3.38532e-06
-2.63335e-06
-2.13131e-06
-1.79878e-06
-1.58598e-06
-1.46286e-06
-1.41283e-06
-1.42931e-06
-1.51447e-06
-1.67964e-06
-1.94773e-06
-2.35737e-06
-2.97197e-06
-3.89358e-06
-5.28654e-06
-7.41688e-06
-1.07189e-05
-1.59059e-05
-1.6588e-05
-1.20875e-05
-9.08433e-06
-7.06068e-06
-5.68912e-06
-4.76238e-06
-4.14932e-06
-3.76819e-06
-3.57058e-06
-3.53219e-06
-3.6484e-06
-3.93342e-06
-4.42269e-06
-5.18013e-06
-6.30913e-06
-7.97484e-06
-1.04377e-05
-1.4109e-05
-1.9642e-05
-1.82812e-05
-1.46934e-05
-1.22273e-05
-1.05539e-05
-9.46269e-06
-8.82292e-06
-8.56103e-06
-8.6475e-06
-9.09202e-06
-9.94538e-06
-1.13072e-05
-1.33447e-05
-1.63211e-05
-2.06462e-05
-2.31244e-05
-2.12726e-05
-2.03031e-05
-2.01141e-05
-2.0686e-05
-2.20785e-05
