0.99993
0.999964
0.999979
0.999987
0.999987
0.999982
0.999973
0.999963
0.999954
0.999855
0.999865
0.999875
0.999897
0.999927
0.999957
0.999974
0.999982
0.999981
0.999974
0.999963
0.999952
0.999935
0.999934
0.999927
0.999925
0.999841
0.999822
0.999815
0.999824
0.999845
0.999874
0.999918
0.99995
0.99997
0.999977
0.999975
0.999965
0.999951
0.999936
0.999924
0.999917
0.999911
0.999908
0.999905
0.999909
0.999895
0.99986
0.999818
0.99978
0.999756
0.999749
0.999765
0.999799
0.99985
0.999909
0.999947
0.999971
0.999979
0.999973
0.999959
0.99994
0.999921
0.999906
0.999896
0.99989
0.999889
0.99989
0.999897
0.999903
0.999932
0.999897
0.99985
0.999795
0.999736
0.999683
0.999651
0.999652
0.999693
0.999757
0.999847
0.999913
0.999962
0.99999
0.999996
0.999984
0.999962
0.999934
0.999908
0.999887
0.999873
0.999866
0.999866
0.999872
0.99988
0.999891
0.9999
0.999943
0.999902
0.999848
0.999775
0.999691
0.999608
0.999544
0.999518
0.999548
0.99963
0.999743
0.999869
0.999958
1.00002
1.00005
1.00005
1.00003
0.99999
0.999949
0.99991
0.999879
0.999857
0.999847
0.999846
0.999853
0.999865
0.999877
0.999892
0.999903
0.999992
0.999964
0.999921
0.999856
0.999768
0.999661
0.999545
0.999441
0.999373
0.999374
0.999463
0.999614
0.999814
0.999963
1.00008
1.00015
1.00018
1.00017
1.00013
1.00008
1.00001
0.999952
0.999902
0.999866
0.999845
0.999837
0.999841
0.999853
0.999869
0.999886
0.9999
0.999913
1.00003
1.00002
0.999993
0.999951
0.999884
0.999787
0.99966
0.999512
0.999365
0.99925
0.999202
0.999251
0.99945
0.999706
0.999988
1.00019
1.00034
1.00043
1.00046
1.00043
1.00036
1.00027
1.00017
1.00007
0.99999
0.999924
0.999879
0.999855
0.999848
0.999854
0.999867
0.999885
0.999903
0.999921
1.00005
1.00005
1.00003
1
0.999939
0.999841
0.999704
0.999532
0.999345
0.999177
0.999074
0.999084
0.999238
0.999584
1.00003
1.00037
1.00065
1.00084
1.00094
1.00096
1.00091
1.0008
1.00065
1.00049
1.00033
1.00018
1.00006
0.999972
0.999912
0.999881
0.999871
0.999876
0.99989
0.999907
0.99992
1.00008
1.00008
1.00008
1.00007
1.00002
0.999939
0.999808
0.999629
0.999413
0.999196
0.999027
0.998966
0.999
0.999408
0.999964
1.0006
1.00108
1.00144
1.00168
1.0018
1.0018
1.0017
1.00152
1.00128
1.00102
1.00076
1.00051
1.0003
1.00014
1.00002
0.999947
0.999909
0.999897
0.9999
0.999911
0.999924
0.99993
1.0001
1.00011
1.00013
1.00015
1.00015
1.00014
1.00009
0.999981
0.999819
0.9996
0.99935
0.99912
0.99898
0.998993
0.999138
0.999876
1.00085
1.0016
1.00224
1.00271
1.00301
1.00314
1.00311
1.00293
1.00263
1.00226
1.00185
1.00142
1.00102
1.00067
1.00039
1.00019
1.00005
0.999967
0.999928
0.999916
0.999919
0.999928
0.999941
1.00011
1.00013
1.00017
1.00021
1.00025
1.00028
1.00027
1.00022
1.00011
0.999924
0.999676
0.999403
0.999177
0.999097
0.999216
0.999636
1.00097
1.00214
1.00317
1.00401
1.00461
1.00496
1.00508
1.00498
1.00467
1.00422
1.00364
1.003
1.00234
1.00172
1.00117
1.00073
1.0004
1.00018
1.00004
0.999966
0.999934
0.999927
0.999933
0.999944
1.00011
1.00015
1.0002
1.00027
1.00035
1.00043
1.0005
1.00053
1.0005
1.00039
1.00019
0.999912
0.999619
0.999409
0.999408
0.999717
1.00054
1.00248
1.00404
1.00544
1.00651
1.00725
1.00764
1.0077
1.00748
1.00699
1.00629
1.00543
1.00448
1.0035
1.00258
1.00178
1.00113
1.00065
1.00032
1.00012
1
0.999951
0.999934
0.999935
0.999945
1.00012
1.00016
1.00023
1.00032
1.00044
1.00058
1.00073
1.00086
1.00095
1.00097
1.00087
1.00066
1.00033
0.999994
0.999783
0.999873
1.00009
1.00237
1.00461
1.00673
1.00852
1.00986
1.0107
1.01106
1.01099
1.01056
1.00982
1.0088
1.00758
1.00622
1.00484
1.00356
1.00245
1.00156
1.00091
1.00047
1.00019
1.00004
0.999966
0.999937
0.999937
0.999941
1.00012
1.00016
1.00024
1.00035
1.00051
1.0007
1.00093
1.00118
1.00143
1.00161
1.00169
1.0016
1.00132
1.00088
1.00042
1.0002
1.00036
1.00108
1.00446
1.00741
1.01029
1.01259
1.01415
1.01495
1.01509
1.01474
1.01403
1.013
1.01162
1.00995
1.0081
1.00625
1.00455
1.00311
1.00197
1.00115
1.00059
1.00025
1.00006
0.999975
0.999941
0.999935
0.999938
1.00011
1.00015
1.00023
1.00035
1.00053
1.00078
1.00109
1.00146
1.00186
1.00226
1.00256
1.00268
1.00252
1.00204
1.00135
1.00071
1.00048
1.0001
1.0024
1.00728
1.01147
1.01532
1.01807
1.01958
1.01997
1.01951
1.01871
1.01762
1.01629
1.0145
1.01232
1.00994
1.00758
1.00546
1.00368
1.00231
1.00134
1.00069
1.0003
1.00009
0.999983
0.999942
0.999933
0.999936
1.00009
1.00013
1.0002
1.00032
1.00051
1.00078
1.00115
1.00163
1.0022
1.00281
1.00338
1.00377
1.00383
1.00342
1.00255
1.00147
1.0007
1.0007
1.00132
1.00514
1.01161
1.01812
1.02286
1.02551
1.0263
1.02567
1.024
1.02231
1.02115
1.01946
1.01719
1.01447
1.01157
1.00871
1.00621
1.00415
1.00259
1.00148
1.00076
1.00033
1.00009
0.999984
0.999941
0.999931
0.999933
1.00006
1.0001
1.00016
1.00027
1.00045
1.00073
1.00112
1.00167
1.00236
1.00318
1.00403
1.00475
1.00511
1.0049
1.00398
1.00251
1.00108
1.00062
1.00175
1.00418
1.01171
1.02219
1.02915
1.03349
1.03456
1.03354
1.03134
1.0286
1.02583
1.0242
1.02225
1.01951
1.01622
1.01284
1.00962
1.00679
1.0045
1.00277
1.00157
1.00079
1.00034
1.00009
0.999981
0.999939
0.99993
0.99993
1.00002
1.00006
1.0001
1.00019
1.00034
1.0006
1.00099
1.00156
1.00234
1.00331
1.00441
1.00548
1.00623
1.00634
1.00556
1.00387
1.00185
1.00074
1.00177
1.00596
1.01281
1.02517
1.03813
1.04402
1.04627
1.04556
1.04082
1.03667
1.0327
1.02931
1.0268
1.0245
1.02114
1.01749
1.01376
1.01023
1.00715
1.00468
1.00284
1.00158
1.00078
1.00032
1.00008
0.999976
0.999938
0.999931
0.999937
1.00002
1.00004
1.0001
1.00021
1.00043
1.00078
1.00132
1.0021
1.00317
1.00447
1.00585
1.00702
1.00759
1.00715
1.00555
1.00313
1.00134
1.00213
1.0065
1.01767
1.03045
1.04968
1.06074
1.06471
1.06254
1.05668
1.0486
1.04273
1.03585
1.03183
1.02925
1.0257
1.02217
1.01825
1.01427
1.01052
1.00727
1.00469
1.0028
1.00153
1.00074
1.0003
1.00007
0.999972
0.99994
0.999936
0.999943
0.999979
0.999983
1.00001
1.00008
1.00023
1.0005
1.00097
1.00171
1.00277
1.00416
1.0058
1.00739
1.00849
1.0086
1.00743
1.00512
1.00289
1.00345
1.00836
1.02111
1.04018
1.06265
1.08386
1.0923
1.09079
1.08037
1.06915
1.0575
1.04847
1.03925
1.03434
1.03049
1.02666
1.02261
1.01834
1.01431
1.01045
1.00713
1.00452
1.00265
1.00142
1.00067
1.00026
1.00005
0.999969
0.999943
0.999939
0.999957
0.999959
0.999945
0.999938
0.99995
1.00002
1.00023
1.00058
1.00119
1.00214
1.00356
1.00532
1.00724
1.0089
1.0097
1.00933
1.00775
1.00539
1.00569
1.01188
1.0255
1.05073
1.08073
1.10951
1.13172
1.13341
1.11979
1.10206
1.08021
1.06491
1.05036
1.04058
1.03503
1.03115
1.02689
1.02256
1.01801
1.01391
1.01002
1.00672
1.00419
1.0024
1.00125
1.00057
1.00021
1.00003
0.999965
0.999948
0.999946
0.999932
0.999927
0.999898
0.999877
0.999879
0.999952
1.00015
1.00068
1.00146
1.00269
1.00444
1.00662
1.00873
1.01026
1.01079
1.01034
1.00919
1.00936
1.01572
1.0314
1.05935
1.09884
1.13804
1.16968
1.18382
1.17613
1.15498
1.1238
1.09606
1.0713
1.05645
1.04541
1.03656
1.03062
1.02646
1.02198
1.01717
1.01306
1.00925
1.00608
1.0037
1.00206
1.00104
1.00045
1.00015
1.00001
0.999961
0.99995
0.999944
0.999922
0.999889
0.999847
0.9998
0.999802
0.999891
1.00014
1.00065
1.00177
1.00336
1.00548
1.00796
1.01031
1.01162
1.01236
1.0129
1.01393
1.02053
1.03813
1.0693
1.11353
1.16782
1.21046
1.24118
1.24677
1.22664
1.18713
1.1473
1.10755
1.08007
1.06194
1.04805
1.03785
1.03038
1.02546
1.02085
1.01587
1.01185
1.00821
1.00526
1.00311
1.00168
1.00081
1.00033
1.00009
0.999991
0.999957
0.999944
0.999951
0.999926
0.999887
0.999844
0.999794
0.999762
0.999733
0.999854
1.0002
1.00088
1.002
1.00419
1.00679
1.00974
1.01179
1.01348
1.01539
1.01823
1.02546
1.04453
1.07751
1.12721
1.18987
1.24936
1.30273
1.3261
1.3134
1.27368
1.22132
1.16591
1.12005
1.08851
1.06474
1.04801
1.03694
1.02801
1.02404
1.01919
1.01416
1.01033
1.00696
1.00432
1.00246
1.00127
1.00058
1.00021
1.00004
0.999973
0.999955
0.999951
0.999922
0.999902
0.99986
0.999809
0.999762
0.999739
0.999812
1.00007
1.00042
1.00129
1.00265
1.00479
1.00868
1.01138
1.01427
1.01675
1.02058
1.02935
1.04847
1.08376
1.1379
1.20732
1.27861
1.35373
1.41071
1.41649
1.38167
1.31967
1.24843
1.18061
1.12689
1.0899
1.06369
1.04617
1.03445
1.02658
1.02195
1.01692
1.01209
1.00861
1.00558
1.00334
1.00181
1.00088
1.00036
1.0001
0.999994
0.999958
0.999955
0.999965
0.999918
0.999884
0.999837
0.999788
0.999762
0.999809
1.00001
1.00042
1.00121
1.00249
1.00395
1.00687
1.01076
1.01454
1.01812
1.02221
1.03039
1.0497
1.08756
1.142
1.21496
1.29349
1.38559
1.46822
1.5101
1.49347
1.4333
1.34638
1.25766
1.17979
1.12385
1.08553
1.05789
1.04026
1.02922
1.02419
1.01907
1.0141
1.00981
1.00676
1.0042
1.00239
1.00121
1.00053
1.00018
1.00002
0.999959
0.999949
0.99995
0.999963
0.999926
0.999904
0.99987
0.999828
0.999802
0.999834
0.999995
1.00037
1.00111
1.00233
1.00409
1.0063
1.01006
1.0144
1.01872
1.02365
1.03074
1.04623
1.07897
1.13321
1.21023
1.29024
1.38793
1.49116
1.56665
1.58204
1.53701
1.44927
1.34363
1.24694
1.16864
1.11408
1.07727
1.0503
1.0341
1.02625
1.02084
1.01575
1.01097
1.00775
1.00497
1.00292
1.00154
1.00071
1.00025
1.00004
0.999954
0.999936
0.999944
0.999958
0.999929
0.999902
0.999868
0.999847
0.99987
1
1.00033
1.00099
1.00212
1.00385
1.00624
1.00907
1.01355
1.01833
1.02366
1.03093
1.04423
1.0698
1.1112
1.18267
1.26733
1.36144
1.47021
1.56738
1.62018
1.60214
1.5271
1.42403
1.31444
1.22211
1.14955
1.09942
1.06436
1.03979
1.02867
1.02226
1.01705
1.01231
1.00826
1.00558
1.00338
1.00184
1.00087
1.00032
1.00005
0.999938
0.999914
0.999924
0.999937
0.999952
0.999938
0.99992
0.999901
0.999885
0.999902
1.00001
1.00028
1.00085
1.00186
1.00345
1.00573
1.00845
1.01252
1.01727
1.02253
1.02895
1.03987
1.0639
1.09839
1.1483
1.21289
1.3084
1.41736
1.51978
1.59526
1.61381
1.56425
1.46714
1.35897
1.26935
1.18062
1.11274
1.06794
1.04321
1.03008
1.02312
1.01794
1.01327
1.00882
1.00603
1.00372
1.0021
1.00102
1.00038
1.00005
0.999916
0.999883
0.999895
0.999921
0.999944
0.999941
0.999925
0.999912
0.999924
1
1.00021
1.00068
1.00153
1.00295
1.00504
1.00787
1.01112
1.01587
1.02093
1.02626
1.03411
1.04965
1.07497
1.11041
1.16307
1.23876
1.33128
1.43375
1.5192
1.5643
1.55083
1.4778
1.37712
1.27838
1.20292
1.12941
1.07774
1.04521
1.02905
1.02282
1.01819
1.01401
1.00978
1.00608
1.00396
1.00234
1.00116
1.00045
1.00007
0.999898
0.999849
0.999861
0.999893
0.999921
0.99994
0.999946
0.99993
0.999929
0.999935
0.999986
1.00014
1.00049
1.00118
1.00236
1.0042
1.00679
1.00984
1.01408
1.01898
1.02408
1.02878
1.03972
1.05676
1.082
1.11822
1.17169
1.24523
1.32922
1.4118
1.46959
1.48759
1.44884
1.36801
1.28393
1.20357
1.13365
1.08344
1.04838
1.0289
1.02112
1.01742
1.01405
1.01028
1.00667
1.00393
1.00232
1.0013
1.00051
1.00009
0.999894
0.999823
0.999828
0.999864
0.999902
0.99993
0.999936
0.999941
0.999941
0.99997
1.00007
1.00032
1.00083
1.00175
1.00327
1.00552
1.00853
1.01195
1.01662
1.02166
1.02638
1.0335
1.04461
1.06096
1.08524
1.1199
1.16984
1.23328
1.29984
1.35832
1.39146
1.38515
1.33413
1.26393
1.19544
1.12861
1.07662
1.04535
1.0274
1.01971
1.01609
1.01384
1.01118
1.00855
1.00494
1.00285
1.00144
1.00057
1.00008
0.999914
0.999815
0.99981
0.99984
0.999879
0.999913
0.99993
0.999946
0.999947
0.999959
1.00002
1.00018
1.00053
1.0012
1.00237
1.0042
1.00681
1.01013
1.01386
1.01874
1.02372
1.02802
1.03508
1.0455
1.06109
1.08325
1.11118
1.15331
1.20526
1.25458
1.29363
1.30354
1.28178
1.23291
1.17625
1.11787
1.06987
1.04021
1.02331
1.01704
1.01474
1.01305
1.01168
1.00964
1.00688
1.00446
1.00224
1.00107
1.00036
0.99998
0.999822
0.99982
0.99983
0.999864
0.999897
0.99993
0.999955
0.999946
0.999955
0.999984
1.00008
1.0003
1.00076
1.00159
1.00298
1.00509
1.00799
1.01158
1.01552
1.02039
1.02518
1.02985
1.03578
1.04508
1.05806
1.07574
1.0989
1.13633
1.17279
1.20912
1.22833
1.22357
1.19539
1.15331
1.1033
1.06217
1.03327
1.01827
1.01271
1.01208
1.01196
1.01136
1.01013
1.00806
1.00566
1.0036
1.00205
1.00083
1.00026
0.999974
0.999863
0.999838
0.999867
0.999897
0.999923
0.999956
0.999956
0.999967
1.00002
1.00015
1.00043
1.00099
1.00198
1.00356
1.00588
1.00898
1.01273
1.01675
1.02145
1.026
1.03042
1.03516
1.04313
1.05351
1.06612
1.08767
1.11237
1.14149
1.16248
1.17023
1.15578
1.12541
1.08879
1.05283
1.02713
1.01318
1.0083
1.00842
1.00986
1.01048
1.0101
1.00869
1.00667
1.0046
1.00286
1.00162
1.00079
1.00023
0.999999
0.999911
0.999892
0.999903
0.999926
0.999927
0.999962
0.999961
0.999981
1.00005
1.00022
1.00056
1.00121
1.00232
1.00404
1.00649
1.0097
1.01351
1.01754
1.02197
1.0263
1.03045
1.03502
1.03884
1.0479
1.06194
1.0732
1.09357
1.1097
1.12102
1.11635
1.09892
1.0684
1.0448
1.02184
1.00956
1.00485
1.00495
1.0073
1.00902
1.00947
1.00876
1.00718
1.00532
1.00361
1.00225
1.00126
1.00063
1.00025
1.00003
0.999958
0.999939
0.999941
0.999954
0.999965
0.999956
0.999965
0.999995
1.00008
1.00028
1.00068
1.00139
1.00258
1.00437
1.00688
1.0101
1.01388
1.01793
1.02191
1.02597
1.0297
1.03306
1.03773
1.04574
1.05394
1.06451
1.07438
1.08216
1.08383
1.07618
1.05589
1.0352
1.01792
1.00646
1.00273
1.00272
1.00489
1.00717
1.00834
1.00827
1.00723
1.0057
1.00411
1.00275
1.00171
1.00098
1.0005
1.00022
1.00008
1.00001
0.999975
0.999975
0.99996
0.999959
0.999969
1.00001
1.00011
1.00033
1.00076
1.00151
1.00273
1.00453
1.00701
1.01013
1.01377
1.01763
1.02152
1.02511
1.02821
1.03027
1.03529
1.04037
1.04601
1.05314
1.05765
1.05909
1.05479
1.04434
1.02679
1.01496
1.00521
1.00167
1.0013
1.00313
1.00536
1.00689
1.00732
1.00678
1.00565
1.00432
1.00306
1.00203
1.00127
1.00074
1.0004
1.00019
1.00008
1.00003
0.999998
0.999959
0.999959
0.999971
1.00001
1.00012
1.00036
1.0008
1.00156
1.00276
1.0045
1.00686
1.0098
1.0132
1.01682
1.0204
1.02366
1.02578
1.02829
1.03143
1.03491
1.0386
1.04257
1.04276
1.0401
1.03301
1.02271
1.01112
1.00495
1.00142
1.00072
1.00191
1.0038
1.00533
1.00604
1.00592
1.0052
1.00419
1.00313
1.0022
1.00147
1.00092
1.00055
1.00031
1.00016
1.00008
1.00004
0.999958
0.999958
0.999971
1.00002
1.00013
1.00036
1.0008
1.00153
1.00266
1.00428
1.00645
1.00913
1.01219
1.01545
1.01858
1.02127
1.02314
1.0248
1.02704
1.02963
1.03176
1.03234
1.03084
1.02638
1.01974
1.01048
1.0038
1.00168
1.00064
1.00115
1.00248
1.0038
1.00461
1.00479
1.00444
1.00376
1.00296
1.00219
1.00154
1.00103
1.00066
1.0004
1.00023
1.00013
1.00007
1.00003
0.999956
0.999956
0.999968
1.00001
1.00012
1.00034
1.00075
1.00142
1.00244
1.0039
1.00581
1.00817
1.01086
1.01361
1.01618
1.01836
1.02003
1.02129
1.02256
1.02397
1.02449
1.02361
1.021
1.01663
1.01136
1.00498
1.00125
1.00072
1.00077
1.00144
1.0024
1.00316
1.00352
1.00346
1.00309
1.00256
1.00199
1.00148
1.00104
1.0007
1.00046
1.00029
1.00017
1.00011
1.00007
0.999955
0.999953
0.999963
1
1.0001
1.00029
1.00065
1.00124
1.00213
1.0034
1.00504
1.007
1.00919
1.0114
1.01344
1.01515
1.01645
1.01742
1.01806
1.01844
1.01805
1.01664
1.01413
1.0107
1.00692
1.00249
1.00024
1.00052
1.00068
1.00123
1.00183
1.00225
1.0024
1.00229
1.00202
1.00166
1.00129
1.00096
1.00069
1.00047
1.00031
1.0002
1.00013
1.00009
0.999954
0.999949
0.999954
0.999984
1.00006
1.00023
1.00054
1.00104
1.00178
1.00281
1.00412
1.00568
1.00738
1.00906
1.01061
1.0119
1.01287
1.0135
1.01378
1.01365
1.01294
1.01155
1.00952
1.00697
1.0043
1.00115
1.00039
1.00017
1.00032
1.00071
1.0011
1.00137
1.00146
1.0014
1.00124
1.00103
1.00081
1.00061
1.00044
1.00031
1.00021
1.00014
1.0001
0.999952
0.999946
0.999947
0.999969
1.00003
1.00017
1.00041
1.0008
1.00138
1.00217
1.00316
1.00433
1.00558
1.00681
1.00793
1.00885
1.00951
1.0099
1.00996
1.00965
1.00892
1.00775
1.00618
1.00428
1.00225
1.00014
0.999831
0.999702
0.999869
1.00018
1.00048
1.00069
1.00079
1.00079
1.00072
1.00061
1.0005
1.00038
1.00028
1.0002
1.00014
1.00011
0.99995
0.999941
0.999938
0.999951
0.999995
1.00009
1.00027
1.00055
1.00097
1.00155
1.00226
1.00309
1.00396
1.00482
1.00558
1.0062
1.00663
1.00684
1.00679
1.00645
1.00582
1.00488
1.00365
1.00224
1.00048
0.999441
0.999341
0.999318
0.999509
0.999788
1.00006
1.00025
1.00036
1.00041
1.0004
1.00036
1.0003
1.00023
1.00018
1.00013
1.0001
0.999947
0.999936
0.999929
0.999932
0.999957
1.00002
1.00014
1.00033
1.00061
1.001
1.00148
1.00204
1.00262
1.00319
1.0037
1.0041
1.00436
1.00446
1.00436
1.00405
1.00353
1.00279
1.00187
1.00061
0.999582
0.999156
0.999026
0.999099
0.999317
0.999583
0.999825
1.00001
1.00013
1.00019
1.00021
1.0002
1.00017
1.00014
1.00012
1.0001
0.999943
0.99993
0.99992
0.999917
0.999925
0.999956
1.00002
1.00014
1.00032
1.00057
1.00088
1.00123
1.00161
1.00197
1.0023
1.00255
1.0027
1.00273
1.00261
1.00235
1.00193
1.00135
1.00067
0.999779
0.999089
0.998936
0.998919
0.999058
0.999286
0.99953
0.999744
0.999907
1.00002
1.00008
1.00011
1.00011
1.0001
1.00009
0.999931
0.999924
0.999916
0.999905
0.9999
0.999909
0.999941
1
1.00011
1.00026
1.00044
1.00066
1.0009
1.00112
1.00133
1.00148
1.00156
1.00155
1.00144
1.00122
1.00088
1.00044
0.999856
0.999339
0.998955
0.998916
0.998979
0.999148
0.999362
0.999573
0.999751
0.999886
0.999978
1.00003
1.00006
1.00006
1.00006
0.999926
0.999911
0.999898
0.999886
0.999881
0.99989
0.999918
0.999972
1.00005
1.00016
1.00029
1.00044
1.00058
1.00071
1.0008
1.00084
1.00081
1.0007
1.00051
1.00024
0.999923
0.999509
0.999186
0.999041
0.999032
0.999138
0.999305
0.999489
0.999659
0.999797
0.9999
0.999969
1.00001
1.00003
1.00004
0.999921
0.99991
0.999898
0.999882
0.99987
0.999866
0.999874
0.999899
0.999943
1.00001
1.00008
1.00017
1.00026
1.00034
1.00039
1.0004
1.00036
1.00026
1.00011
0.999906
0.999638
0.999397
0.999215
0.999167
0.999216
0.999332
0.999477
0.999623
0.99975
0.999851
0.999924
0.999969
0.999997
0.999915
0.9999
0.999885
0.999873
0.999864
0.999863
0.999872
0.999896
0.999932
0.99998
1.00004
1.00009
1.00014
1.00016
1.00016
1.00012
1.00003
0.999907
0.999758
0.999567
0.999425
0.999346
0.999344
0.999412
0.999516
0.99963
0.999737
0.999827
0.999894
0.999942
0.999975
0.999914
0.999903
0.999894
0.999883
0.999874
0.99987
0.999874
0.999887
0.99991
0.99994
0.999976
1.00001
1.00004
1.00005
1.00003
0.999993
0.999924
0.99983
0.999705
0.999596
0.999518
0.999491
0.999517
0.999583
0.999665
0.999747
0.999819
0.999877
0.999922
0.99991
0.999904
0.999895
0.999888
0.999885
0.999889
0.999897
0.999913
0.999934
0.999957
0.999978
0.999993
0.999995
0.99998
0.999945
0.999889
0.99982
0.99973
0.999667
0.999631
0.999628
0.999661
0.999713
0.999768
0.999822
0.999869
0.999912
0.999905
0.9999
0.999903
0.999907
0.999913
0.999926
0.99994
0.999956
0.99997
0.999978
0.999977
0.999962
0.999934
0.999891
0.99983
0.999779
0.999744
0.999727
0.999734
0.99976
0.999795
0.999832
0.999918
0.999921
0.999919
0.999929
0.999941
0.99995
0.999962
0.999972
0.999977
0.999974
0.999961
0.999939
0.999904
0.999859
0.999827
0.999803
0.999793
0.999805
0.999821
0.999937
0.999943
0.999954
0.999956
0.999971
0.999978
0.999981
0.999977
0.999964
0.999949
0.999907
0.999885
0.999858
0.99984
0.99997
0.999978
0.999983
0.999984
0.999979
0.999964
0
0
0
0
0
0
0
0
0
0
0
0
0
0
0
0
0
0
0
0
0
0
0
0
0
0
0
0
0
0
0
0
0
0
0
0
0
0
0
0
0
0
0
0
0
0
0
0
0
0
0
0
0
0
0
0
0
0
0
0
0
0
0
0
0
0
0
0
0
0
0
0
0
0
0
0
0
0
0
0
0
0
0
0
0
0
0
0
0
0
0
0
0
0
0
0
0
0
0
0
0
0
0
0
0
0
0
0
0
0
0
0
0
0
0
0
0
0
0
0
0
0
0
0
0
0
0
0
0
0
0
0
0
0
0
0
0
0
0
0
0
0
0
0
0
0
0
0
0
0
0
0
0
0
0
0
0
0
0
0
0
0
0
0
0
0
0
0
0
0
0
0
0
0
0
0
0
0
0
0
0
0
0
0
0
0
0
0
0
0
0
0
0
0
0
0
0
0
0
0
0
0
0
0
0
0
0
0
0
0
0
0
0
0
0
0
0
0
0
0
0
0
0
0
0
0
0
0
0
0
0
0
0
0
0
0
0
0
0
0
0
0
0
0
0
0
0
0
0
0
0
0
0
0
0
0
0
0
0
0
0
0
0
0
0
0
0
0
0
0
0
0
0
0
0
0
0
0
0
0
0
0
0
0
0
0
0
0
0
0
0
0
0
0
0
0
0
0
0
0
0
0
0
0
0
0
0
0
0
0
0
0
0
0
0
0
0
0
0
0
0
0
0
0
0
0
0
0
0
0
0
0
0
0
0
0
0
0
0
0
0
0
0
0
0
0
0
0
0
0
0
0
0
0
0
0
0
0
0
0
0
0
0
0
0
0
0
0
0
0
0
0
0
0
0
0
0
0
0
0
0
0
0
0
0
0
0
0
0
0
0
0
0
0
0
0
0
0
0
0
0
0
0
0
0
0
0
0
0
0
0
0
0
0
0
0
0
0
0
0
0
0
0
0
0
0
0
0
0
0
0
0
0
0
0
0
0
0
0
0
0
0
0
0
0
0
0
0
0
0
0
0
0
0
0
0
0
0
0
0
0
0
0
0
0
0
0
0
0
0
0
0
0
0
0
0
0
0
0
0
0
0
0
0
0
0
0
0
0
0
0
0
0
0
0
0
0
0
0
0
0
0
0
0
0
0
0
0
0
0
0
0
0
0
0
0
0
0
0
0
0
0
0
0
0
0
0
0
0
0
0
0
0
0
0
0
0
0
0
0
0
0
0
0
0
0
0
0
0
0
0
0
0
0
0
0
0
0
0
0
0
0
0
0
0
0
0
0
0
0
0
0
0
0
0
0
0
0
0
0
0
0
0
0
0
0
0
0
0
0
0
0
0
0
0
0
0
0
0
0
0
0
0
0
0
0
0
0
0
0
0
0
0
0
0
0
0
0
0
0
0
0
0
0
0
0
0
0
0
0
0
0
0
0
0
0
0
0
0
0
0
0
0
0
0
0
0
0
0
0
0
0
0
0
0
0
0
0
0
0
0
0
0
0
0
0
0
0
0
0
0
0
0
0
0
0
0
0
0
0
0
0
0
0
0
0
0
0
0
0
0
0
0
0
0
0
0
0
0
0
0
0
0
0
0
0
0
0
0
0
0
0
0
0
0
0
0
0
0
0
0
0
0
0
0
0
0
0
0
0
0
0
0
0
0
0
0
0
0
0
0
0
0
0
0
0
0
0
0
0
0
0
0
0
0
0
0
0
0
0
0
0
0
0
0
0
0
0
0
0
0
0
0
0
0
0
0
0
0
0
0
0
0
0
0
0
0
0
0
0
0
0
0
0
0
0
0
0
0
0
0
0
0
0
0
0
0
0
0
0
0
0
0
0
0
0
0
0
0
0
0
0
0
0
0
0
0
0
0
0
0
0
0
0
0
0
0
0
0
0
0
0
0
0
0
0
0
0
0
0
0
0
0
0
0
0
0
0
0
0
0
0
0
0
0
0
0
0
0
0
0
0
0
0
0
0
0
0
0
0
0
0
0
0
0
0
0
0
0
0
0
0
0
0
0
0
0
0
0
0
0
0
0
0
0
0
0
0
0
0
0
0
0
0
0
0
0
0
0
0
0
0
0
0
0
0
0
0
0
0
0
0
0
0
0
0
0
0
0
0
0
0
0
0
0
0
0
0
0
0
0
0
0
0
0
0
0
0
0
0
0
0
0
0
0
0
0
0
0
0
0
0
0
0
0
0
0
0
0
0
0
0
0
0
0
0
0
0
0
0
0
0
0
0
0
0
0
0
0
0
0
0
0
0
0
0
0
0
0
0
0
0
0
0
0
0
0
0
0
0
0
0
0
0
0
0
0
0
0
0
0
0
0
0
0
0
0
0
0
0
0
0
0
0
0
0
0
0
0
0
0
0
0
0
0
0
0
0
0
0
0
0
0
0
0
0
0
0
0
0
0
0
0
0
0
0
0
0
0
0
0
0
0
0
0
0
0
0
0
0
0
0
0
0
0
0
0
0
0
0
0
0
0
0
0
0
0
0
0
0
0
0
0
0
0
0
0
0
0
0
0
0
0
0
0
0
0
0
0
0
0
0
0
0
0
0
0
0
0
0
0
0
0
0
0
0
0
0
0
0
0
0
0
0
0
0
0
0
0
0
0
0
0
0
0
0
0
0
0
0
0
0
0
0
0
0
0
0
0
0
0
0
0
0
0
0
0
0
0
0
0
0
0
0
0
0
0
0
0
0
0
0
0
0
0
0
0
0
0
0
0
0
0
0
0
0
0
0
0
0
0
0
0
0
0
0
0
0
0
0
0
0
0
0
0
0
0
0
0
0
0
0
0
0
0
0
0
0
0
0
0
0
0
0
0
0
0
0
0
0
0
0
0
0
0
0
0
0
0
0
0
0
0
0
0
0
0
0
0
0
0
0
0
0
0
0
0
0
0
0
0
0
0
0
0
0
0
0
0
0
0
0
0
0
0
0
0
0
0
0
0
0
0
0
0
0
0
0
0
0
0
0
0
0
0
0
0
0
0
0
0
0
0
0
0
0
0
0
0
0
0
0
0
0
0
0
0
0
0
0
0
0
0
0
0
0
0
0
0
0
0
0
0
0
0
0
0
0
0
0
0
0
0
0
0
0
0
0
0
0
0
0
0
0
0
0
0
0
0
0
0
0
0
0
0
0
0
0
0
0
0
0
0
0
0
0
0
0
0
0
0
0
0
0
0
0
0
0
0
0
0
0
0
0
0
0
0
0
0
0
0
0
0
0
0
0
0
0
0
0
0
0
0
0
0
0
0
0
0
0
0
0
0
0
0
0
0
0
0
0
0
0
0
0
0
0
0
0
0
0
0
0
0
0
0
0
0
0
0
0
0
0
0
0
0
0
0
0
0
0
0
0
0
0
0
0
0
0
0
0
0
0
0
0
0
0
0
0
0
0
0
0
0
0
0
0
0
0
0
0
0
0
0
0
0
0
0
0
0
0
0
0
0
0
0
0
0
0
0
0
0
0
0
0
0
0
0
0
0
0
0
0
0
0
0
0
0
0
0
0
0
0
0
0
0
0
0
0
0
0
0
0
0
0
0
0
0
0
0
0
0
0
0
0
0
0
0
0
0
0
0
0
0
0
0
0
0
0
0
0
0
0
0
0
0
0
0
0
0
0
0
0
0
0
0
0
0
0
0
0
0
0
0
0
0
0
0
0
0
0
0
0
0
0
0
0
0
0
0
0
0
0
0
0
0
0
0
0
0
0
0
0
0
0
0
0
0
0
0
0
0
0
0
0
0
0
0
0
0
0
0
0
0
0
0
0
0
0
0
0
0
0
0
0
0
0
0
0
0
0
0
0
0
0
0
0
0
0
0
0
0
0
0
0
0
0
0
0
0
0
0
0
0
0
0
0
0
0
0
0
0
0
0
0
0
0
0
0
0
0
0
0
0
0
0
0
0
0
0
0
0
0
0
0
0
0
0
0
0
0
0
0
0
0
0
0
0
0
0
0
0
0
0
0
0
0
0
0
0
0
0
0
0
0
0
0
0
0
0
0
0
0
0
0
0
0
0
0
0
0
0
0
0
0
0
0
0
0
0
0
0
0
0
0
0
0
0
0
0
0
0
0
0
0
0
0
0
0
0
0
0
0
0
0
0
0
0
0
0
0
0
0
0
0
0
0
0
0
0
0
0
0
0
0
0
0
0
0
0
0
0
0
0
0
0
0
0
0
0
0
0
0
0
0
0
0
0
0
0
0
0
0
0
0
0
0
0
0
0
0
0
0
0
0
0
0
0
0
0
0
0
0
0
0
0
0
0
0
0
0
0
0
0
