1
1
1
1
1
1
1
1
1
1
1
1
1
1
1
1
1
1
1
1
1
1
1
1
1
1
1
1
1
1
1
1
1
1
1
1
1
1
1
1
1
1
1
1
1
1
1
1
1
1
1
1
1
1
1
1
1
1
1
1
1
1
1
1
1
1
1
1
1
1
1
1
1
1
1
1
1
1
1
1
1
1
1
1
1
1
1
1
1
1
1
1
1
1
1
1
1
1
1
1
1
1
1
1
1
1
1
1
1
1
1
1
1
1
1
1
1
1
1
1
1
1
1
1
1
1
1
1
1
1
1
1
1
1
1
1
1
1
1
1
1
1
1
1
1
1
1
1
1
1
1
1
1
1
1
1
1
1
1
1
1
1
1
1
1
1
1
1
1
1
1
1
1
1
1
1
1
1
1
1
1
1
1
1
1
1
1
1
1
1
1
1
1
1
1
1
1
1
1
1
1
1
1
1
1
1
1
1
1
1
1
1
1
1
1
1
1
1
1
1
1
1
1
1
1
1
1
1
1
1
1
1
1
1
1
1
1
1
1
1
1
1.00001
1.00001
1.00001
1.00001
1.00001
1.00001
1.00001
1
1
1
1
1
1
1
1
1
1
1
1
1
1
1
1
1
1
1
1
1
1
1
1
1
1
1
1
1.00001
1.00001
1.00001
1.00002
1.00002
1.00002
1.00002
1.00002
1.00002
1.00002
1.00001
1.00001
1.00001
1
1
1
1
1
1
1
1
1
1
1
1
1
1
1
1
1
1
1
1
1
1
1
1
1
1.00001
1.00001
1.00002
1.00003
1.00004
1.00005
1.00006
1.00007
1.00007
1.00007
1.00006
1.00005
1.00004
1.00002
1.00002
1.00001
1
1
1
1
1
1
1
1
1
1
1
1
1
1
1
1
1
1
1
1
1
1
1
1.00001
1.00001
1.00002
1.00004
1.00007
1.0001
1.00013
1.00016
1.00019
1.0002
1.00019
1.00018
1.00015
1.00011
1.00008
1.00005
1.00003
1.00002
1.00001
1
1
1
1
1
1
1
1
1
1
1
1
1
1
1
1
1
1
1
1
1
1.00001
1.00001
1.00002
1.00005
1.00008
1.00014
1.00021
1.00029
1.00038
1.00046
1.0005
1.00051
1.00048
1.00042
1.00034
1.00025
1.00017
1.00011
1.00006
1.00003
1.00002
1.00001
1
1
1
1
1
1
1
1
1
1
1
1
1
1
1
1
1
1
1
1
1.00001
1.00002
1.00004
1.00008
1.00015
1.00026
1.00042
1.00061
1.00082
1.00103
1.00118
1.00125
1.00123
1.00111
1.00093
1.00072
1.00051
1.00033
1.0002
1.00011
1.00006
1.00003
1.00001
1.00001
1
1
1
1
1
1
1
1
1
1
1
1
1
1
1
1
1
1
1
1.00001
1.00003
1.00006
1.00014
1.00026
1.00047
1.00077
1.00117
1.00165
1.00214
1.00256
1.00283
1.00289
1.00272
1.00236
1.0019
1.0014
1.00096
1.00061
1.00035
1.00019
1.00009
1.00004
1.00002
1.00001
1
1
1
1
1
1
1
1
1
1
1
1
1
1
1
1
1
1
1.00001
1.00002
1.00004
1.00009
1.0002
1.00041
1.00076
1.00131
1.00208
1.00304
1.00411
1.00512
1.0059
1.00626
1.00614
1.00555
1.00463
1.00357
1.00254
1.00167
1.00101
1.00057
1.00029
1.00014
1.00006
1.00002
1.00001
1
1
1
1
1
1
1
1
1
1
1
1
1
1
1
1
1
1
1.00001
1.00002
1.00005
1.00013
1.00028
1.0006
1.00115
1.00206
1.0034
1.00518
1.0073
1.00948
1.01136
1.01256
1.01282
1.01207
1.01048
1.0084
1.00621
1.00424
1.00268
1.00156
1.00084
1.00042
1.00019
1.00008
1.00003
1.00001
1
1
1
1
1
1
1
1
1
1
1
1
1
1
1
1
1
1
1.00001
1.00002
1.00006
1.00015
1.00037
1.0008
1.00161
1.00299
1.00514
1.00817
1.01197
1.01621
1.02025
1.02334
1.02481
1.02431
1.02196
1.0183
1.01407
1.00999
1.00655
1.00396
1.00222
1.00114
1.00055
1.00024
1.0001
1.00004
1.00001
1
1
1
1
1
1
1
1
1
1
1
1
1
1
1
1
1
1.00001
1.00002
1.00007
1.00018
1.00043
1.00099
1.00207
1.00401
1.00718
1.01188
1.01815
1.02564
1.03342
1.0402
1.04456
1.04549
1.04276
1.03703
1.02957
1.02179
1.01483
1.00933
1.00542
1.00291
1.00144
1.00066
1.00028
1.00011
1.00004
1.00001
1
1
1
1
1
1
1
1
1
1
1
1
1
1
1
1
1
1.00001
1.00002
1.00007
1.00019
1.00048
1.00113
1.00246
1.00496
1.00925
1.01595
1.02543
1.03749
1.05107
1.0642
1.07434
1.07919
1.07754
1.0698
1.05785
1.0442
1.03118
1.02034
1.01227
1.00684
1.00353
1.00168
1.00074
1.0003
1.00011
1.00004
1.00001
1
1
1
1
1
1
1
1
1
1
1
1
1
1
1
1
1
1.00001
1.00002
1.00006
1.00018
1.00048
1.00119
1.0027
1.00566
1.011
1.01977
1.03289
1.05065
1.07219
1.09503
1.11525
1.12844
1.13126
1.12298
1.10575
1.08366
1.06107
1.04121
1.02574
1.01489
1.00797
1.00395
1.00181
1.00076
1.0003
1.00011
1.00004
1.00001
1
1
1
1
1
1
1
1
1
1
1
1
1
1
1
1
1
1.00002
1.00005
1.00016
1.00045
1.00115
1.00273
1.00597
1.01207
1.0226
1.03923
1.06314
1.09423
1.13013
1.16577
1.19395
1.20762
1.20295
1.18127
1.1484
1.11183
1.07787
1.05024
1.03006
1.01668
1.00857
1.00408
1.00179
1.00073
1.00027
1.00009
1.00003
1.00001
1
1
1
1
1
1
1
1
1
1
1
1
1
1
1
1
1.00001
1.00004
1.00013
1.00039
1.00104
1.00255
1.0058
1.01222
1.02383
1.04312
1.0725
1.11329
1.16431
1.22035
1.27171
1.30609
1.31355
1.29177
1.24737
1.19221
1.13774
1.09147
1.05643
1.03236
1.01723
1.0085
1.00389
1.00164
1.00064
1.00023
1.00008
1.00002
1.00001
1
1
1
1
1
1
1
1
1
1
1
1
1
1
1
1
1.00001
1.00003
1.0001
1.00031
1.00086
1.0022
1.00521
1.01141
1.02316
1.04366
1.07658
1.12515
1.19049
1.26917
1.35077
1.41787
1.45127
1.43979
1.3874
1.31056
1.22863
1.1558
1.09877
1.05834
1.03209
1.01641
1.00778
1.00342
1.00139
1.00052
1.00018
1.00006
1.00002
1
1
1
1
1
1
1
1
1
1
1
1
1
1
1
1
1.00001
1.00002
1.00007
1.00023
1.00066
1.00175
1.00431
1.00983
1.02076
1.04071
1.07436
1.1268
1.20206
1.3003
1.41367
1.52274
1.59863
1.61542
1.56673
1.47042
1.35602
1.24856
1.16143
1.09793
1.0555
1.02934
1.01442
1.00657
1.00277
1.00108
1.00039
1.00013
1.00004
1.00001
1
1
1
1
1
1
1
1
1
1
1
1
1
1
1
1
1.00001
1.00005
1.00015
1.00046
1.00129
1.0033
1.00782
1.01716
1.03498
1.0664
1.1178
1.19576
1.30468
1.44211
1.59212
1.7213
1.7876
1.76466
1.66197
1.51724
1.37043
1.24626
1.15309
1.08918
1.04861
1.02472
1.01169
1.00513
1.00208
1.00078
1.00027
1.00009
1.00003
1.00001
1
1
1
1
1
1
1
1
1
1
1
1
1
1
1
1
1.00001
1.00003
1.0001
1.0003
1.00087
1.00233
1.00574
1.01309
1.02771
1.0546
1.10048
1.17338
1.28093
1.42656
1.60203
1.77837
1.90547
1.93408
1.85161
1.69285
1.5118
1.34912
1.22244
1.13304
1.07468
1.03924
1.01922
1.00875
1.00369
1.00144
1.00052
1.00017
1.00005
1.00002
1
1
1
1
1
1
1
1
1
1
1
1
1
1
1
1
1.00002
1.00006
1.00018
1.00055
1.00152
1.00389
1.00922
1.02026
1.04139
1.07889
1.14083
1.23621
1.37232
1.54872
1.74703
1.92257
2.01434
1.98246
1.84141
1.64729
1.45608
1.29892
1.18379
1.10624
1.05763
1.02922
1.01379
1.00604
1.00245
1.00092
1.00032
1.0001
1.00003
1.00001
1
1
1
1
1
1
1
1
1
1
1
1
1
1
1
1
1.00001
1.00003
1.0001
1.00032
1.00091
1.00243
1.006
1.01368
1.02899
1.05716
1.10534
1.18216
1.29609
1.45141
1.64011
1.83136
1.97016
2.00151
1.91124
1.73842
1.54288
1.36866
1.23404
1.13961
1.07823
1.04106
1.0201
1.00914
1.00386
1.0015
1.00054
1.00018
1.00006
1.00002
1
1
1
1
1
1
1
1
1
1
1
1
1
1
1
1
1.00001
1.00005
1.00017
1.00051
1.0014
1.0036
1.00854
1.01876
1.03829
1.07283
1.12963
1.21644
1.33906
1.49591
1.6697
1.82147
1.9001
1.87284
1.75153
1.58261
1.41381
1.27311
1.16882
1.09796
1.05326
1.02705
1.01278
1.0056
1.00227
1.00085
1.00029
1.00009
1.00003
1.00001
1
1
1
1
1
1
1
1
1
1
1
1
1
1
1
1
1.00001
1.00002
1.00008
1.00026
1.00075
1.002
1.00492
1.01123
1.02374
1.04666
1.0855
1.14653
1.23516
1.35266
1.49074
1.62604
1.72156
1.74285
1.68128
1.56084
1.42019
1.29052
1.18716
1.11286
1.0637
1.03358
1.01648
1.00751
1.00317
1.00124
1.00045
1.00015
1.00005
1.00001
1
1
1
1
1
1
1
1
1
1
1
1
1
1
1
1
1.00001
1.00004
1.00012
1.00037
1.00102
1.00262
1.00622
1.01363
1.02772
1.05239
1.09229
1.1518
1.23301
1.33254
1.43776
1.52579
1.5701
1.55484
1.48565
1.38566
1.28102
1.18972
1.11938
1.07014
1.03845
1.01962
1.00929
1.00408
1.00166
1.00062
1.00022
1.00007
1.00002
1.00001
1
1
1
1
1
1
1
1
1
1
1
1
1
1
1
1
1.00002
1.00005
1.00017
1.00048
1.00129
1.00318
1.00724
1.01527
1.02983
1.05416
1.09152
1.14399
1.21061
1.28507
1.35444
1.40151
1.41179
1.38184
1.32143
1.24752
1.17578
1.11583
1.07103
1.04056
1.02154
1.01062
1.00485
1.00205
1.0008
1.00029
1.0001
1.00003
1.00001
1
1
1
1
1
1
1
1
1
1
1
1
1
1
1
1
1.00001
1.00002
1.00007
1.00021
1.00059
1.0015
1.00356
1.00779
1.01577
1.02959
1.05154
1.08337
1.12522
1.17422
1.22356
1.26306
1.28239
1.27577
1.24524
1.19943
1.14916
1.10314
1.06615
1.03941
1.0218
1.01119
1.00532
1.00234
1.00095
1.00036
1.00012
1.00004
1.00001
1
1
1
1
1
1
1
1
1
1
1
1
1
1
1
1
1.00001
1.00003
1.00009
1.00025
1.00066
1.00162
1.00368
1.00772
1.01502
1.02705
1.04515
1.06986
1.1001
1.13252
1.16152
1.18059
1.1847
1.17268
1.14786
1.11634
1.08444
1.0567
1.03528
1.02035
1.01088
1.00538
1.00246
1.00104
1.00041
1.00015
1.00005
1.00001
1
1
1
1
1
1
1
1
1
1
1
1
1
1
1
1
1
1.00001
1.00003
1.0001
1.00026
1.00068
1.0016
1.0035
1.00707
1.0132
1.0228
1.03646
1.05395
1.07378
1.0931
1.10813
1.11535
1.11289
1.1014
1.08373
1.06372
1.04478
1.02911
1.01752
1.00976
1.00503
1.00239
1.00105
1.00043
1.00016
1.00006
1.00002
1.00001
1
1
1
1
1
1
1
1
1
1
1
1
1
1
1
1
1
1.00001
1.00003
1.0001
1.00026
1.00065
1.00147
1.00308
1.00597
1.0107
1.01773
1.02717
1.03846
1.05028
1.06061
1.06728
1.06871
1.06453
1.05577
1.04442
1.03264
1.02217
1.01391
1.00808
1.00433
1.00215
1.00098
1.00042
1.00016
1.00006
1.00002
1.00001
1
1
1
1
1
1
1
1
1
1
1
1
1
1
1
1
1
1.00001
1.00003
1.00009
1.00024
1.00057
1.00124
1.0025
1.00466
1.00801
1.01273
1.01869
1.02535
1.03173
1.03661
1.03894
1.03815
1.03443
1.02865
1.02199
1.01558
1.0102
1.00617
1.00345
1.00178
1.00085
1.00037
1.00015
1.00006
1.00002
1.00001
1
1
1
1
1
1
1
1
1
1
1
1
1
1
1
1
1
1.00001
1.00003
1.00008
1.0002
1.00046
1.00097
1.00187
1.00335
1.00554
1.00844
1.01189
1.01546
1.01854
1.02052
1.02094
1.01971
1.0171
1.01369
1.01012
1.0069
1.00435
1.00253
1.00136
1.00068
1.00031
1.00013
1.00005
1.00002
1.00001
1
1
1
1
1
1
1
1
1
1
1
1
1
1
1
1
1
1.00001
1.00003
1.00007
1.00016
1.00035
1.0007
1.0013
1.00223
1.00353
1.00517
1.00699
1.00872
1.01004
1.01066
1.01045
1.00945
1.00788
1.00607
1.00432
1.00283
1.00172
1.00096
1.0005
1.00024
1.0001
1.00004
1.00002
1.00001
1
1
1
1
1
1
1
1
1
1
1
1
1
1
1
1
1
1
1.00001
1.00002
1.00005
1.00011
1.00024
1.00046
1.00083
1.00137
1.00208
1.00293
1.0038
1.00455
1.00503
1.00513
1.00483
1.0042
1.00337
1.00249
1.0017
1.00107
1.00063
1.00034
1.00017
1.00008
1.00003
1.00001
1
1
1
1
1
1
1
1
1
1
1
1
1
1
1
1
1
1
1
1.00001
1.00001
1.00003
1.00008
1.00015
1.00028
1.00049
1.00077
1.00113
1.00153
1.00191
1.00219
1.00233
1.00228
1.00206
1.00172
1.00133
1.00095
1.00062
1.00038
1.00021
1.00011
1.00005
1.00002
1.00001
1
1
1
1
1
1
1
1
1
1
1
1
1
1
1
1
1
1
1
1
1.00001
1.00002
1.00005
1.00009
1.00016
1.00027
1.0004
1.00057
1.00074
1.00088
1.00098
1.001
1.00094
1.00082
1.00065
1.00048
1.00033
1.00021
1.00012
1.00007
1.00003
1.00001
1.00001
1
1
1
1
1
1
1
1
1
1
1
1
1
1
1
1
1
1
1
1
1.00001
1.00001
1.00003
1.00005
1.00008
1.00013
1.0002
1.00026
1.00033
1.00038
1.0004
1.00039
1.00036
1.0003
1.00023
1.00016
1.00011
1.00007
1.00004
1.00002
1.00001
1
1
1
1
1
1
1
1
1
1
1
1
1
1
1
1
1
1
1
1
1
1
1.00001
1.00001
1.00002
1.00004
1.00006
1.00009
1.00011
1.00014
1.00015
1.00015
1.00014
1.00012
1.0001
1.00007
1.00005
1.00003
1.00002
1.00001
1
1
1
1
1
1
1
1
1
1
1
1
1
1
1
1
1
1
1
1
1
1
1
1
1.00001
1.00001
1.00002
1.00003
1.00004
1.00004
1.00005
1.00005
1.00005
1.00005
1.00004
1.00003
1.00002
1.00001
1.00001
1
1
1
1
1
1
1
1
1
1
1
1
1
1
1
1
1
1
1
1
1
1
1
1
1
1
1
1.00001
1.00001
1.00001
1.00002
1.00002
1.00002
1.00002
1.00002
1.00001
1.00001
1.00001
1
1
1
1
1
1
1
1
1
1
1
1
1
1
1
1
1
1
1
1
1
1
1
1
1
1
1
1
1
1
1.00001
1.00001
1.00001
1.00001
1
1
1
1
1
1
1
1
1
1
1
1
1
1
1
1
1
1
1
1
1
1
1
1
1
1
1
1
1
1
1
1
1
1
1
1
1
1
1
1
1
1
1
1
1
1
1
1
1
1
1
1
1
1
1
1
1
1
1
1
1
1
1
1
1
1
1
1
1
1
1
1
1
1
1
1
1
1
1
1
1
1
1
1
1
1
1
1
1
1
1
1
1
1
1
1
1
1
1
1
1
1
1
1
1
1
1
1
1
1
1
1
1
1
1
1
1
1
1
1
1
1
1
1
1
1
1
1
1
1
1
1
1
1
1
1
1
1
1
1
1
1
1
1
1
1
1
1
1
1
1
1
1
1
1
1
1
1
1
1
1
1
1
1
1
1
1
1
1
1
1
1
1
1
1
1
1
1
1
1
1
1
1
1
1
1
1
1
1
1
1
1
1
1
1
1
1
1
1
1
1
1
1
1
1
1
1
1
1
1
1
1
1
1
1
1
1
1
1
1
1
1
1
1
1
1
1
1
1
1
1
1
