-0.849959
-0.649957
-0.449952
-0.249948
-0.0499469
0.150052
0.350048
0.550042
0.750039
-1.54996
-1.34995
-1.14993
-0.94991
-0.749896
-0.549887
-0.349882
-0.149879
0.0501205
0.250117
0.450109
0.650099
0.850085
1.05007
1.25006
1.45005
-1.84995
-1.64993
-1.4499
-1.24987
-1.04984
-0.849802
-0.649775
-0.449758
-0.249749
-0.0497458
0.15025
0.350238
0.550219
0.750195
0.950168
1.15014
1.35011
1.55009
1.75007
1.95005
-2.34997
-2.14995
-1.94992
-1.74988
-1.54984
-1.34978
-1.14971
-0.949645
-0.749579
-0.549533
-0.349505
-0.14949
0.0505091
0.250493
0.450461
0.650418
0.850365
1.05031
1.25025
1.4502
1.65015
1.85011
2.05008
2.25005
-2.64997
-2.44995
-2.24992
-2.04987
-1.84981
-1.64973
-1.44963
-1.24951
-1.04938
-0.849251
-0.649139
-0.449066
-0.24902
-0.049004
0.15098
0.350933
0.550858
0.750763
0.950654
1.15054
1.35043
1.55033
1.75025
1.95018
2.15012
2.35008
2.55005
-2.74995
-2.54992
-2.34987
-2.1498
-1.94971
-1.74958
-1.54941
-1.3492
-1.14897
-0.948722
-0.748484
-0.548308
-0.348191
-0.148128
0.0518749
0.251816
0.451699
0.651534
0.851338
1.05113
1.25091
1.45072
1.65054
1.8504
2.05028
2.25019
2.45013
2.65008
2.85004
-3.04996
-2.84993
-2.64988
-2.44981
-2.2497
-2.04955
-1.84934
-1.64907
-1.44874
-1.24834
-1.0479
-0.847452
-0.647066
-0.446796
-0.24662
-0.0465533
0.153397
0.353234
0.552972
0.752635
0.952254
1.15186
1.35148
1.55114
1.75085
1.95061
2.15042
2.35028
2.55018
2.75011
2.95006
3.15003
-3.34998
-3.14995
-2.9499
-2.74983
-2.54973
-2.34956
-2.14933
-1.94902
-1.74859
-1.54806
-1.34742
-1.14667
-0.945888
-0.745136
-0.544548
-0.344139
-0.143911
0.0561107
0.255921
0.455537
0.654994
0.854345
1.05365
1.25295
1.45231
1.65174
1.85126
2.05089
2.2506
2.45039
2.65025
2.85015
3.05009
3.25005
-3.44996
-3.24993
-3.04987
-2.84977
-2.64962
-2.44939
-2.24906
-2.04858
-1.84794
-1.64712
-1.44611
-1.24493
-1.04361
-0.842282
-0.641108
-0.44024
-0.239666
-0.0394388
0.16042
0.35992
0.559107
0.758061
0.956882
1.15567
1.3545
1.55345
1.75255
1.95181
2.15125
2.35083
2.55053
2.75033
2.9502
3.15012
3.35006
-3.54995
-3.3499
-3.14983
-2.9497
-2.7495
-2.54918
-2.34871
-2.14804
-1.94711
-1.74589
-1.54436
-1.34254
-1.14047
-0.938241
-0.736125
-0.534386
-0.333154
-0.132464
0.0676174
0.267078
0.465964
0.664383
0.862492
1.06047
1.25846
1.45659
1.65494
1.85358
2.0525
2.25169
2.4511
2.65069
2.85042
3.05025
3.25014
3.45008
3.65004
-3.84998
-3.64994
-3.44988
-3.24979
-3.04963
-2.84937
-2.64895
-2.44831
-2.24738
-2.04608
-1.84434
-1.64211
-1.43939
-1.23627
-1.0328
-0.829248
-0.626072
-0.423635
-0.222037
-0.0213901
0.178241
0.376885
0.574666
0.771808
0.968584
1.16528
1.36211
1.55924
1.7568
1.95483
2.15331
2.35219
2.5514
2.75087
2.95052
3.1503
3.35017
3.55009
3.75005
-3.94997
-3.74993
-3.54986
-3.34975
-3.14955
-2.94923
-2.7487
-2.54788
-2.34665
-2.1449
-1.94251
-1.73938
-1.53548
-1.33088
-1.12574
-0.920238
-0.714872
-0.510395
-0.30719
-0.105384
0.0948438
0.293471
0.490623
0.686576
0.881731
1.07654
1.2714
1.46662
1.66244
1.85897
2.05625
2.25421
2.45273
2.65171
2.85104
3.05061
3.25034
3.45019
3.6501
3.85005
-4.04996
-3.84992
-3.64984
-3.44971
-3.24948
-3.04909
-2.84845
-2.64743
-2.44589
-2.24363
-2.04048
-1.83626
-1.63089
-1.42441
-1.21698
-1.00893
-0.800577
-0.592959
-0.387067
-0.183203
0.0183665
0.217478
0.414203
0.608873
0.80202
0.994287
1.18632
1.3787
1.57186
1.76605
1.96137
2.15777
2.35512
2.55326
2.752
2.95119
3.15068
3.35038
3.55021
3.75011
3.95005
-4.14996
-3.94991
-3.74983
-3.54968
-3.34942
-3.14897
-2.94822
-2.74702
-2.54515
-2.34236
-2.13837
-1.93293
-1.72584
-1.51707
-1.30678
-1.09537
-0.883254
-0.671259
-0.461223
-0.254003
-0.0499467
0.150543
0.347394
0.540933
0.731812
0.920912
1.10919
1.2976
1.48689
1.67756
1.86986
2.06379
2.25924
2.45597
2.65373
2.85225
3.05131
3.25074
3.4504
3.65021
3.85011
4.05006
-4.24996
-4.04991
-3.84983
-3.64967
-3.44938
-3.24889
-3.04805
-2.84667
-2.6445
-2.4412
-2.23638
-2.02964
-1.82068
-1.60931
-1.39561
-1.17999
-0.963232
-0.745963
-0.529974
-0.31757
-0.109456
0.0937602
0.291746
0.484699
0.673359
0.858821
1.04246
1.22569
1.4097
1.59539
1.78326
1.97349
2.166
2.36052
2.55667
2.75408
2.95242
3.15138
3.35077
3.55041
3.75022
3.95011
4.15005
-4.34996
-4.14991
-3.94983
-3.74967
-3.54937
-3.34885
-3.14795
-2.94644
-2.74402
-2.54028
-2.33469
-2.12672
-1.91586
-1.70174
-1.48429
-1.26385
-1.0413
-0.817882
-0.594682
-0.37476
-0.160548
0.0472124
0.247827
0.441251
0.628179
0.809951
0.988321
1.16523
1.34251
1.52158
1.70338
1.88837
2.07658
2.26776
2.46145
2.65713
2.85429
3.05249
3.2514
3.45077
3.6504
3.85021
4.0501
4.25005
-4.44997
-4.24992
-4.04984
-3.84968
-3.64939
-3.44886
-3.24793
-3.04635
-2.84377
-2.6397
-2.43351
-2.22448
-2.01188
-1.79512
-1.57386
-1.34829
-1.11926
-0.888332
-0.657252
-0.428012
-0.205006
0.00947606
0.214681
0.410175
0.596461
0.77501
0.947965
1.11778
1.28705
1.45793
1.63193
1.80995
1.99229
2.17875
2.36886
2.56194
2.7573
2.95431
3.15247
3.35137
3.55073
3.75038
3.95019
4.15009
4.35004
-4.54997
-4.34993
-4.14986
-3.94971
-3.74943
-3.54892
-3.348
-3.14642
-2.94379
-2.73955
-2.53298
-2.3232
-2.10923
-1.89019
-1.66545
-1.43489
-1.19918
-0.95995
-0.719726
-0.480751
-0.246572
-0.0225579
0.189422
0.388943
0.57621
0.752615
0.920615
1.08317
1.24374
1.40529
1.57004
1.73946
1.91426
2.0945
2.27971
2.46914
2.6619
2.85715
3.05416
3.25234
3.45127
3.65067
3.85034
4.05017
4.25008
4.45004
-4.64998
-4.44995
-4.24988
-4.04975
-3.8495
-3.64903
-3.44817
-3.24665
-3.04407
-2.83985
-2.63319
-2.42306
-2.20828
-1.98763
-1.76011
-1.52522
-1.28328
-1.03579
-0.78552
-0.536132
-0.290431
-0.0541828
0.16714
0.372659
0.562729
0.738431
0.90258
1.05864
1.2107
1.3626
1.51736
1.6771
1.84305
2.01567
2.19468
2.37931
2.56856
2.76134
2.9567
3.15383
3.35212
3.55114
3.75059
3.9503
4.15015
4.35007
4.55003
-4.54996
-4.34991
-4.14981
-3.94959
-3.74918
-3.54841
-3.34702
-3.14461
-2.9406
-2.73415
-2.52414
-2.30921
-2.08785
-1.85866
-1.62065
-1.37367
-1.11884
-0.858919
-0.598125
-0.341273
-0.0923806
0.141013
0.354597
0.548956
0.725699
0.887243
1.03818
1.18305
1.32616
1.47122
1.62124
1.77788
1.94207
2.1139
2.29274
2.47757
2.66716
2.86032
3.056
3.25338
3.45184
3.65098
3.8505
4.05025
4.25012
4.45006
4.65003
-4.64998
-4.44995
-4.24987
-4.0497
-3.84936
-3.6487
-3.44751
-3.24537
-3.04173
-2.83576
-2.62634
-2.41198
-2.19094
-1.96145
-1.72202
-1.47188
-1.21156
-0.943497
-0.672122
-0.403397
-0.143243
0.102673
0.326527
0.526879
0.7056
0.86595
1.01342
1.15248
1.28866
1.42591
1.56774
1.71597
1.87205
2.03652
2.2091
2.38888
2.57467
2.76511
2.95895
3.15512
3.35284
3.55153
3.7508
3.95041
4.1502
4.3501
4.55005
4.75002
-4.74999
-4.54997
-4.34992
-4.14981
-3.94956
-3.74904
-3.54806
-3.34628
-3.14314
-2.93789
-2.72944
-2.51632
-2.29663
-2.06834
-1.82946
-1.57861
-1.31555
-1.04205
-0.762277
-0.482716
-0.211383
0.0450458
0.279734
0.486852
0.668278
0.828473
0.972545
1.10783
1.23977
1.37278
1.50951
1.65203
1.8019
1.96016
2.12697
2.30177
2.48353
2.67094
2.86263
3.05736
3.25415
3.45227
3.65121
3.85062
4.05032
4.25016
4.45008
4.65003
-4.85
-4.64999
-4.44996
-4.2499
-4.04973
-3.84938
-3.64866
-3.44726
-3.24472
-3.04036
-2.83318
-2.62177
-2.40431
-2.17861
-1.94233
-1.69342
-1.43091
-1.15558
-0.871072
-0.583514
-0.301906
-0.0360876
0.207123
0.421584
0.605715
0.764808
0.906696
1.04014
1.17045
1.30163
1.43735
1.57829
1.72566
1.88056
2.04353
2.21449
2.39276
2.57728
2.76677
2.95996
3.15572
3.35318
3.55172
3.7509
3.95046
4.15023
4.35011
4.55005
4.75002
-4.75
-4.54999
-4.34995
-4.14986
-3.94964
-3.74916
-3.54818
-3.34632
-3.14296
-2.93722
-2.72786
-2.51322
-2.29117
-2.05928
-1.81494
-1.55639
-1.28345
-0.998417
-0.707115
-0.418497
-0.144118
0.106146
0.326231
0.513413
0.671669
0.811206
0.941389
1.07025
1.20276
1.34125
1.48576
1.63602
1.79195
1.95442
2.12399
2.30041
2.48299
2.67073
2.86255
3.05735
3.25417
3.45228
3.65122
3.85064
4.05032
4.25016
4.45008
4.65004
4.85002
-4.85
-4.65
-4.44999
-4.24994
-4.04981
-3.84952
-3.6489
-3.44767
-3.24534
-3.04116
-2.83405
-2.62256
-2.40479
-2.17848
-1.94085
-1.6894
-1.42294
-1.14259
-0.852834
-0.561876
-0.281895
-0.0248887
0.200189
0.389468
0.546611
0.681788
0.80724
0.931882
1.06804
1.21278
1.36493
1.52364
1.68673
1.85399
2.02617
2.20356
2.38612
2.57336
2.76449
2.95866
3.155
3.3528
3.55152
3.75081
3.95042
4.15021
4.35011
4.55005
4.75003
-4.95
-4.75001
-4.55
-4.34998
-4.14992
-3.94975
-3.74939
-3.54866
-3.34721
-3.14445
-2.93957
-2.73141
-2.51827
-2.29808
-2.06838
-1.82643
-1.56999
-1.29892
-1.01611
-0.728424
-0.446803
-0.185842
0.04328
0.234796
0.39115
0.521508
0.639337
0.759495
0.894963
1.04677
1.2101
1.3812
1.55751
1.73583
1.916
2.09859
2.28414
2.47292
2.66469
2.85901
3.05531
3.25302
3.45168
3.65091
3.85048
4.05025
4.25013
4.45006
4.65003
4.85002
-4.85001
-4.65001
-4.45
-4.24998
-4.0499
-3.84971
-3.6493
-3.44847
-3.24684
-3.04383
-2.83864
-2.63001
-2.41614
-2.19487
-1.96369
-1.72
-1.46208
-1.19129
-0.912829
-0.635707
-0.373849
-0.141232
0.0542821
0.211025
0.337878
0.447967
0.561044
0.691782
0.846318
1.01937
1.20543
1.39906
1.5941
1.78829
1.98155
2.17426
2.36744
2.5618
2.75754
2.9546
3.15268
3.35153
3.55085
3.75046
3.95024
4.15013
4.35007
4.55003
4.75002
4.95001
-4.95001
-4.75001
-4.55002
-4.35001
-4.14999
-3.94991
-3.74972
-3.54931
-3.34849
-3.14689
-2.94401
-2.73909
-2.53087
-2.31766
-2.09739
-1.86762
-1.62588
-1.37132
-1.10682
-0.840375
-0.583015
-0.348951
-0.148501
0.0124435
0.138753
0.244793
0.349233
0.470919
0.621825
0.800491
0.999784
1.21078
1.42645
1.64009
1.84909
2.05353
2.25476
2.45433
2.6533
2.85224
3.05142
3.25086
3.45051
3.6503
3.85018
4.0501
4.25005
4.45003
4.65002
4.85001
-4.85001
-4.65002
-4.45003
-4.25003
-4.05003
-3.84998
-3.64985
-3.44955
-3.24893
-3.04773
-2.84556
-2.6418
-2.43532
-2.2247
-2.008
-1.78293
-1.54761
-1.30215
-1.05169
-0.805532
-0.574804
-0.370026
-0.202364
-0.071256
0.0348656
0.134525
0.247377
0.389737
0.566982
0.773618
1.00016
1.23568
1.47098
1.69966
1.92001
2.13304
2.34081
2.54522
2.74758
2.94879
3.14943
3.34976
3.54993
3.75
3.95002
4.15002
4.35002
4.55001
4.75001
4.95
-4.95001
-4.75002
-4.55003
-4.35005
-4.15008
-3.95011
-3.75015
-3.55017
-3.35016
-3.15006
-2.94977
-2.74911
-2.54763
-2.34452
-2.13862
-1.92823
-1.71143
-1.48721
-1.25719
-1.02734
-0.806786
-0.604196
-0.429941
-0.289666
-0.1778
-0.0777511
0.030296
0.164544
0.335033
0.541819
0.778182
1.02958
1.2848
1.53454
1.77357
2.00148
2.22024
2.43238
2.63991
2.84437
3.04696
3.24843
3.44924
3.64967
3.84987
4.04996
4.24999
4.45
4.65
4.85
-4.85001
-4.65003
-4.45005
-4.25009
-4.05016
-3.85028
-3.65047
-3.45079
-3.25131
-3.05212
-2.85336
-2.6551
-2.45713
-2.25907
-2.06003
-1.8587
-1.65378
-1.44526
-1.23535
-1.03012
-0.835852
-0.661114
-0.512508
-0.391318
-0.286202
-0.177238
-0.0474759
0.117364
0.321328
0.559817
0.820717
1.09069
1.35866
1.61646
1.86083
2.0926
2.31438
2.52877
2.73777
2.94317
3.14633
3.34813
3.54911
3.74961
3.94984
4.14995
4.34999
4.55
4.75
4.95
-4.95001
-4.75002
-4.55004
-4.35009
-4.15016
-3.9503
-3.75055
-3.551
-3.35179
-3.15312
-2.95529
-2.75871
-2.5637
-2.37045
-2.17891
-1.98861
-1.79876
-1.60871
-1.41866
-1.23052
-1.04965
-0.880838
-0.72928
-0.599266
-0.485874
-0.372422
-0.241608
-0.0808544
0.118712
0.355424
0.620372
0.899929
1.18098
1.45416
1.71396
1.95924
2.1917
2.41402
2.6287
2.83783
3.0433
3.24648
3.44827
3.6492
3.84965
4.04987
4.24996
4.44999
4.65
4.85
-4.85002
-4.65003
-4.45007
-4.25014
-4.05027
-3.85051
-3.65097
-3.45179
-3.25322
-3.05566
-2.85961
-2.66576
-2.47474
-2.2871
-2.10312
-1.92285
-1.74595
-1.57162
-1.39995
-1.23324
-1.07412
-0.925347
-0.791187
-0.67034
-0.549742
-0.415645
-0.255295
-0.05973
0.173278
0.437097
0.720306
1.00944
1.29358
1.56578
1.82315
2.06594
2.29631
2.51706
2.73064
2.93911
3.14414
3.34703
3.54858
3.74936
3.94973
4.14991
4.34998
4.55
4.75
4.95
-4.75002
-4.55005
-4.35011
-4.15021
-3.95042
-3.75081
-3.55154
-3.35284
-3.1551
-2.95888
-2.76494
-2.57421
-2.38762
-2.20599
-2.02993
-1.85971
-1.69501
-1.53551
-1.38047
-1.23183
-1.08944
-0.955892
-0.829364
-0.701839
-0.563299
-0.402033
-0.208821
0.0195604
0.278729
0.559851
0.850702
1.14077
1.42133
1.68797
1.93964
2.17754
2.40408
2.62203
2.8337
3.04095
3.24522
3.44762
3.64888
3.84951
4.04981
4.24994
4.44999
4.65
4.85
-4.85002
-4.65003
-4.45007
-4.25015
-4.05031
-3.85062
-3.6512
-3.45226
-3.25414
-3.05736
-2.86264
-2.67097
-2.48348
-2.30133
-2.12557
-1.95693
-1.79565
-1.64166
-1.49381
-1.35131
-1.21453
-1.08325
-0.954235
-0.821865
-0.67958
-0.517789
-0.327166
-0.104165
0.147741
0.422685
0.710539
1.00096
1.28514
1.55741
1.81546
2.05948
2.29123
2.51319
2.7278
2.93715
3.14292
3.3463
3.54818
3.74916
3.94964
4.14987
4.34996
4.54999
4.75
-4.75002
-4.55005
-4.35011
-4.15022
-3.95044
-3.75087
-3.55166
-3.35311
-3.15562
-2.95985
-2.76667
-2.5772
-2.39275
-2.21461
-2.0439
-1.88134
-1.72705
-1.58053
-1.44038
-1.30545
-1.17412
-1.04351
-0.908855
-0.764507
-0.601958
-0.414954
-0.198431
0.0460283
0.311742
0.592272
0.878148
1.16096
1.43468
1.69597
1.94395
2.1796
2.40489
2.62212
2.83338
3.04049
3.24478
3.44727
3.64867
3.84939
4.04974
4.2499
4.44997
4.64999
4.85
-4.65003
-4.45007
-4.25014
-4.05029
-3.85059
-3.65115
-3.45218
-3.25402
-3.05717
-2.86237
-2.67059
-2.48305
-2.3011
-2.12606
-1.959
-1.80047
-1.65033
-1.50759
-1.37058
-1.23713
-1.10407
-0.966705
-0.820086
-0.657221
-0.473448
-0.26491
-0.0298593
0.226146
0.496095
0.773476
1.05088
1.3221
1.58324
1.83263
2.07041
2.29793
2.51712
2.72995
2.93821
3.14333
3.34636
3.54811
3.74907
3.94957
4.14982
4.34993
4.54998
4.74999
-4.75002
-4.55004
-4.35009
-4.15019
-3.95038
-3.75075
-3.55145
-3.35272
-3.15493
-2.95865
-2.76467
-2.57401
-2.38789
-2.20763
-2.03443
-1.86917
-1.71216
-1.56284
-1.41991
-1.28123
-1.14321
-1.00173
-0.852075
-0.689176
-0.508503
-0.307028
-0.0832155
0.161648
0.420248
0.686668
0.955249
1.2206
1.47847
1.72667
1.96462
2.193
2.41328
2.62716
2.83628
3.04204
3.24555
3.4476
3.64876
3.84939
4.04972
4.24988
4.44995
4.64998
-4.65002
-4.45005
-4.25011
-4.05023
-3.85047
-3.65092
-3.45174
-3.25321
-3.05574
-2.85991
-2.66651
-2.47656
-2.29119
-2.1116
-1.93878
-1.77333
-1.6152
-1.46349
-1.3164
-1.17117
-1.02396
-0.870471
-0.706502
-0.528066
-0.332683
-0.119041
0.113157
0.360113
0.614796
0.872787
1.12976
1.38187
1.62656
1.8628
2.09063
2.31101
2.52528
2.73486
2.94104
3.14487
3.34716
3.54848
3.74922
3.94962
4.14982
4.34992
4.54997
-4.55003
-4.35006
-4.15014
-3.95028
-3.75055
-3.55107
-3.352
-3.15363
-2.95637
-2.7608
-2.56768
-2.37794
-2.19259
-2.0126
-1.8387
-1.67115
-1.50952
-1.35263
-1.1984
-1.04387
-0.885334
-0.718942
-0.541439
-0.350475
-0.144808
0.0756908
0.310073
0.553533
0.800329
1.04776
1.29256
1.53209
1.76501
1.991
2.21052
2.4245
2.63409
2.84041
3.0444
3.24684
3.44827
3.64908
3.84953
4.04977
4.24989
4.44995
-4.45004
-4.25008
-4.05016
-3.85032
-3.65063
-3.45119
-3.25219
-3.05391
-2.85674
-2.66123
-2.46806
-2.27803
-2.09197
-1.9106
-1.73434
-1.56315
-1.39635
-1.23253
-1.06954
-0.904574
-0.734536
-0.556429
-0.368127
-0.168323
0.04313
0.265788
0.497827
0.73446
0.972127
1.20885
1.44225
1.67082
1.89397
2.11179
2.32487
2.53404
2.74021
2.94418
3.14665
3.34813
3.54899
3.74947
3.94973
4.14987
4.34994
4.54997
-4.35004
-4.15009
-3.95018
-3.75035
-3.55068
-3.35127
-3.1523
-2.95403
-2.75681
-2.56115
-2.36761
-2.17685
-1.98946
-1.80592
-1.62644
-1.45068
-1.27779
-1.10633
-0.934326
-0.759519
-0.579416
-0.392034
-0.196059
0.00892576
0.222514
0.443941
0.671166
0.900051
1.1287
1.35565
1.57937
1.79908
2.01463
2.22631
2.43469
2.64044
2.84422
3.04662
3.24808
3.44894
3.64943
3.84971
4.04985
4.24993
4.44997
-4.25005
-4.0501
-3.85019
-3.65037
-3.45071
-3.2513
-3.0523
-2.85396
-2.65659
-2.46059
-2.26642
-2.07456
-1.88542
-1.69926
-1.51609
-1.3354
-1.15633
-0.97757
-0.797464
-0.614299
-0.426353
-0.232376
-0.0317228
0.175494
0.388656
0.607041
0.828489
1.05003
1.27075
1.48957
1.70564
1.91864
2.12861
2.33593
2.54106
2.74451
2.94673
3.14812
3.34894
3.54942
3.74969
3.94984
4.14992
4.34997
-4.15005
-3.9501
-3.7502
-3.55038
-3.3507
-3.15127
-2.95221
-2.75374
-2.55611
-2.35963
-2.16464
-1.97147
-1.78039
-1.5915
-1.4046
-1.21918
-1.03447
-0.849375
-0.662689
-0.473128
-0.279589
-0.0814046
0.121567
0.329021
0.540428
0.755109
0.970889
1.18614
1.4004
1.61294
1.82333
2.0315
2.23761
2.442
2.645
2.84698
3.04823
3.24899
3.44944
3.6497
3.84984
4.04992
4.24997
-4.05005
-3.8501
-3.65019
-3.45037
-3.25067
-3.05119
-2.85204
-2.65338
-2.45542
-2.25837
-2.06249
-1.86798
-1.67497
-1.48343
-1.29311
-1.10356
-0.914157
-0.724061
-0.532396
-0.338292
-0.14115
0.0593067
0.263012
0.4696
0.678736
0.88962
1.10058
1.31091
1.52027
1.72822
1.93463
2.13953
2.34312
2.54564
2.74732
2.9484
3.14908
3.34948
3.54972
3.74985
3.94992
4.14997
-3.95005
-3.7501
-3.55018
-3.35034
-3.15061
-2.95107
-2.7518
-2.55293
-2.3546
-2.15697
-1.9602
-1.76442
-1.56962
-1.37576
-1.18257
-0.989703
-0.796672
-0.60287
-0.407705
-0.210665
-0.0114682
0.189954
0.393448
0.598764
0.805624
1.01313
1.22038
1.42708
1.63292
1.83773
2.0415
2.24433
2.44634
2.64772
2.84862
3.04919
3.24954
3.44974
3.64986
3.84993
4.04997
-3.85004
-3.65009
-3.45017
-3.2503
-3.05054
-2.85092
-2.65152
-2.45243
-2.25374
-2.05557
-1.85799
-1.66106
-1.46477
-1.26902
-1.07359
-0.878221
-0.682559
-0.486193
-0.288755
-0.0899897
0.110213
0.311829
0.514692
0.718689
0.923478
1.1284
1.33301
1.53713
1.74061
1.94338
2.1455
2.34706
2.54814
2.74886
2.94932
3.14961
3.34978
3.54988
3.74994
3.94997
-3.75004
-3.55008
-3.35015
-3.15026
-2.95046
-2.75076
-2.55124
-2.35194
-2.15292
-1.95426
-1.756
-1.55814
-1.36067
-1.16347
-0.966389
-0.769242
-0.571786
-0.373768
-0.17498
0.0246873
0.225257
0.426672
0.628831
0.831652
1.0348
1.23789
1.44067
1.64308
1.84505
2.04658
2.24772
2.44854
2.64909
2.84945
3.04968
3.24982
3.4499
3.64995
-3.65003
-3.45006
-3.25012
-3.05022
-2.85037
-2.65061
-2.45097
-2.25148
-2.05219
-1.85313
-1.65432
-1.45575
-1.25739
-1.05915
-0.860928
-0.662591
-0.463991
-0.264983
-0.0654649
0.134602
0.335205
0.536287
0.737823
0.939687
1.14165
1.34349
1.54509
1.74643
1.9475
2.1483
2.34889
2.5493
2.74957
2.94975
3.14985
3.34992
3.54996
-3.35006
-3.1501
-2.95017
-2.75029
-2.55046
-2.35072
-2.15109
-1.95157
-1.75221
-1.55299
-1.3539
-1.15491
-0.955969
-0.756996
-0.557912
-0.358629
-0.159073
0.0407984
0.240993
0.44149
0.642252
0.843283
1.04444
1.2456
1.44664
1.64753
1.84824
2.04879
2.2492
2.44948
2.64968
2.84981
3.04989
3.24994
3.44997
-3.25004
-3.05008
-2.85013
-2.65022
-2.45034
-2.25052
-2.05076
-1.85109
-1.6515
-1.45198
-1.25254
-1.05314
-0.853738
-0.654302
-0.454776
-0.255115
-0.0552829
0.144732
0.344927
0.545283
0.745796
0.946449
1.14713
1.34778
1.54834
1.74881
1.94917
2.14944
2.34963
2.54977
2.74986
2.94992
3.14995
-2.95006
-2.7501
-2.55015
-2.35024
-2.15036
-1.95052
-1.75072
-1.55097
-1.35126
-1.15159
-0.951922
-0.75225
-0.552542
-0.352772
-0.152915
0.0470399
0.247096
0.447247
0.64748
0.847815
1.0482
1.24858
1.44893
1.64922
1.84945
2.04962
2.24975
2.44984
2.6499
2.84994
3.04997
-2.85004
-2.65006
-2.4501
-2.25016
-2.05024
-1.85034
-1.65046
-1.45061
-1.25077
-1.05095
-0.851132
-0.651301
-0.451444
-0.251547
-0.051599
0.148402
0.348456
0.548556
0.748707
0.948912
1.14912
1.34933
1.5495
1.74965
1.94976
2.14984
2.34989
2.54993
2.74996
-2.55004
-2.35007
-2.1501
-1.95015
-1.75021
-1.55028
-1.35036
-1.15045
-0.950548
-0.750641
-0.550724
-0.350789
-0.150831
0.0491553
0.249168
0.449207
0.649269
0.849366
1.04948
1.24959
1.44969
1.64978
1.84985
2.0499
2.24993
2.44996
-2.25004
-2.05006
-1.85008
-1.65012
-1.45016
-1.25021
-1.05025
-0.850303
-0.650348
-0.450387
-0.250415
-0.0504292
0.14957
0.349582
0.549606
0.749645
0.949702
1.14976
1.34982
1.54987
1.74991
1.94994
2.14996
-1.75005
-1.55007
-1.35008
-1.15011
-0.950136
-0.75016
-0.550182
-0.350198
-0.150209
0.0497872
0.24979
0.449798
0.649811
0.849835
1.04986
1.24989
1.44992
1.64995
1.84996
-1.25005
-1.05006
-0.850066
-0.650081
-0.450089
-0.250095
-0.0500985
0.149901
0.349904
0.549913
0.749913
0.949927
1.14994
1.34995
-0.550032
-0.350032
-0.150035
0.0499639
0.249964
0.44996
-0.854601
-0.661443
-0.461997
-0.258102
-0.0517023
0.155199
0.360587
0.562483
0.758999
-1.55793
-1.38901
-1.20759
-1.01496
-0.81266
-0.602434
-0.386232
-0.16615
0.0556088
0.276801
0.495198
0.708644
0.915112
1.11275
1.29991
1.4752
-1.90441
-1.74783
-1.57598
-1.38978
-1.19046
-0.979526
-0.758794
-0.530299
-0.296291
-0.0591725
0.178564
0.414409
0.64591
0.870734
1.08674
1.29199
1.48485
1.66395
1.82821
1.97684
-2.36623
-2.24522
-2.10643
-1.95005
-1.77656
-1.58673
-1.38167
-1.16286
-0.932088
-0.691489
-0.443437
-0.190543
0.0644393
0.318693
0.569424
0.81395
1.04977
1.27465
1.48663
1.68408
1.86574
2.03065
2.17819
2.30804
-2.66746
-2.57028
-2.45418
-2.31887
-2.16429
-1.99069
-1.79863
-1.58908
-1.36338
-1.12328
-0.87097
-0.608931
-0.339963
-0.0670953
0.206518
0.4777
0.743362
1.0006
1.24677
1.47957
1.69707
1.89773
2.08042
2.24438
2.3892
2.51478
2.6213
-2.86995
-2.78051
-2.67104
-2.54099
-2.39001
-2.21807
-2.02548
-1.81296
-1.58166
-1.33325
-1.06984
-0.794084
-0.508905
-0.217609
0.0762848
0.36917
0.657488
0.937851
1.20716
1.46267
1.70209
1.92356
2.12571
2.30762
2.46876
2.60902
2.72856
2.82783
2.90747
-3.13571
-3.07564
-2.9956
-2.89459
-2.77173
-2.62637
-2.45812
-2.26697
-2.0533
-1.81806
-1.56264
-1.2891
-1.00012
-0.698784
-0.388643
-0.0736012
0.242257
0.554832
0.860172
1.15462
1.43492
1.69833
1.94261
2.1661
2.36766
2.54665
2.70289
2.83656
2.94815
3.03839
3.10822
3.15866
-3.36077
-3.33142
-3.28295
-3.21402
-3.12335
-3.00975
-2.87219
-2.7099
-2.52245
-2.30982
-2.07258
-1.81189
-1.52951
-1.22805
-0.910863
-0.581617
-0.244627
0.0954891
0.43401
0.766319
1.08809
1.39546
1.68513
1.95441
2.20129
2.42437
2.62287
2.79652
2.94551
3.07039
3.17201
3.25142
3.30981
3.34848
-3.54181
-3.52553
-3.4901
-3.43397
-3.35555
-3.25334
-3.12592
-2.97207
-2.79086
-2.58179
-2.34492
-2.08101
-1.7915
-1.47875
-1.14616
-0.797719
-0.438043
-0.0723508
0.293921
0.655363
1.00685
1.34377
1.66217
1.95882
2.23129
2.4779
2.69766
2.89023
3.05581
3.195
3.30878
3.39836
3.46511
3.51051
3.53606
-3.71828
-3.71618
-3.69514
-3.65339
-3.58912
-3.50047
-3.38561
-3.24284
-3.07067
-2.86801
-2.63425
-2.3696
-2.07512
-1.75261
-1.40534
-1.03776
-0.654726
-0.262061
0.133947
0.526939
0.910809
1.28002
1.62983
1.95638
2.25675
2.52893
2.77173
2.98474
3.16814
3.32264
3.44936
3.54966
3.62513
3.67746
3.70838
3.71961
3.71281
-3.8587
-3.88841
-3.90141
-3.89593
-3.87006
-3.82172
-3.74874
-3.6489
-3.51997
-3.35985
-3.16671
-2.93922
-2.67676
-2.37971
-2.04958
-1.68887
-1.30219
-0.895103
-0.473892
-0.0458505
0.381497
0.800833
1.20545
1.58963
1.94873
2.27935
2.57912
2.84663
3.08143
3.28375
3.45442
3.5947
3.70616
3.79062
3.84999
3.88627
3.90139
3.89724
3.8756
-4.00564
-4.05038
-4.07921
-4.09028
-4.08155
-4.05076
-3.99546
-3.91303
-3.80073
-3.65579
-3.47557
-3.25784
-3.00092
-2.7044
-2.36881
-1.9966
-1.59111
-1.15911
-0.707523
-0.244639
0.220509
0.679046
1.1228
1.54475
1.93934
2.30249
2.63164
2.92528
3.18286
3.40482
3.59213
3.74631
3.86913
3.96262
4.02898
4.07045
4.08922
4.08741
4.06704
4.02995
-4.14237
-4.20242
-4.24756
-4.27591
-4.28535
-4.2735
-4.23766
-4.17489
-4.08193
-3.95534
-3.79163
-3.58747
-3.34008
-3.0476
-2.70956
-2.32737
-1.90453
-1.44643
-0.96218
-0.46094
0.0464494
0.549014
1.03657
1.50044
1.93385
2.33203
2.69206
3.01258
3.29332
3.53495
3.73877
3.90656
4.0404
4.1426
4.21558
4.26184
4.28382
4.2839
4.26431
4.22712
4.17421
-4.26742
-4.34285
-4.40452
-4.45059
-4.47892
-4.48706
-4.47217
-4.43102
-4.35993
-4.25483
-4.11129
-3.92481
-3.6912
-3.40694
-3.07025
-2.68085
-2.2418
-1.75695
-1.2371
-0.693069
-0.137594
0.415489
0.953185
1.46452
1.94097
2.37688
2.76905
3.11657
3.41986
3.68003
3.89905
4.07915
4.22286
4.33273
4.41142
4.46166
4.48611
4.48738
4.46792
4.42998
4.37566
4.30681
-4.3795
-4.4701
-4.54825
-4.61215
-4.65974
-4.68857
-4.69573
-4.67781
-4.63081
-4.55007
-4.43032
-4.26582
-4.05069
-3.77978
-3.44876
-3.0557
-2.60174
-2.0915
-1.53253
-0.93998
-0.328863
0.283507
0.880189
1.44668
1.97207
2.44916
2.87488
3.24897
3.57274
3.84881
4.08003
4.26968
4.42076
4.53615
4.61879
4.67154
4.69726
4.69868
4.67843
4.63894
4.58245
4.51098
4.42632
-4.47746
-4.58281
-4.67709
-4.75863
-4.82548
-4.87524
-4.90509
-4.91153
-4.89036
-4.83649
-4.74391
-4.60569
-4.4143
-4.16218
-3.84254
-3.45072
-2.98531
-2.44961
-1.85092
-1.20285
-0.526551
0.156719
0.824571
1.45738
2.04031
2.56426
3.02556
3.42503
3.76616
4.05352
4.29204
4.48625
4.6402
4.75737
4.84092
4.89378
4.91882
4.91884
4.89652
4.85439
4.7948
4.71989
4.63156
4.53148
-4.56038
-4.67981
-4.78962
-4.88827
-4.97397
-5.0445
-5.09714
-5.12849
-5.1343
-5.10926
-5.04678
-4.93893
-4.77653
-4.5496
-4.24834
-3.8644
-3.39292
-2.8343
-2.19559
-1.48723
-0.734068
0.0345868
0.790042
1.5052
2.15897
2.73868
3.2397
3.66401
4.01821
4.31048
4.54868
4.73988
4.88975
5.00271
5.08229
5.13143
5.15285
5.14917
5.12298
5.07678
5.01291
4.93358
4.84073
4.73612
4.62127
-4.62757
-4.76023
-4.88469
-4.99962
-5.10341
-5.19407
-5.26908
-5.32526
-5.35849
-5.36347
-5.33332
-5.25937
-5.13108
-4.93614
-4.66138
-4.29417
-3.82486
-3.24928
-2.57152
-1.80338
-0.96255
2.98656
3.53518
3.9857
4.349
4.63834
4.86647
5.04428
5.18018
5.28029
5.34879
5.38856
5.402
5.39133
5.35878
5.30658
5.23694
5.15198
5.05365
4.94369
4.82366
4.69489
-4.67857
-4.82342
-4.96146
-5.09157
-5.21235
-5.32206
-5.41849
-5.49876
-5.55909
-5.59437
-5.59782
-5.56046
-5.47079
-5.31461
-5.07547
-4.73605
-4.28064
-3.69876
-2.98877
4.77675
5.05557
5.26266
5.41458
5.52386
5.59974
5.64743
5.67006
5.66949
5.64729
5.60499
5.54428
5.46697
5.37493
5.26997
5.15375
5.0278
4.89344
4.75181
-4.86903
-5.01942
-5.16338
-5.29975
-5.42709
-5.54352
-5.64653
-5.7328
-5.79771
-5.83491
-5.83555
-5.78777
-5.67629
-5.48197
-5.18293
-4.75673
-4.18497
5.75048
5.8635
5.93226
5.97043
5.98552
5.98116
5.95883
5.91917
5.86273
5.7903
5.70297
5.60209
5.48918
5.36569
5.23303
5.09244
4.94503
4.79175
-4.89701
-5.05837
-5.21469
-5.36506
-5.50827
-5.64284
-5.76669
-5.87704
-5.96995
-6.0397
-6.07822
-6.07407
-6.01164
-5.87034
-5.62468
-5.24589
-4.70612
6.41144
6.39855
6.36844
6.3261
6.27297
6.20876
6.13285
6.04479
5.94462
5.83287
5.71052
5.57867
5.43847
5.29103
5.13736
4.97832
4.81469
-4.90754
-5.07844
-5.24553
-5.4081
-5.56525
-5.7158
-5.85827
-5.9902
-6.10852
-6.20849
-6.28327
-6.32226
-6.31059
-6.22803
-6.04704
-5.7341
-5.25214
6.88169
6.79591
6.70559
6.61277
6.51657
6.41538
6.30731
6.19116
6.06626
5.93287
5.79152
5.64296
5.48808
5.32771
5.16262
4.99347
-4.90104
-5.08003
-5.25625
-5.42921
-5.59825
-5.76248
-5.92075
-6.07136
-6.21197
-6.33893
-6.44633
-6.52577
-6.56417
-6.54253
-6.4338
-6.20243
7.25714
7.11317
6.9743
6.84029
6.70856
6.57629
6.44092
6.30066
6.15462
6.00265
5.845
5.68216
5.51476
5.34338
5.1686
4.99089
-5.06377
-5.24751
-5.42902
-5.60785
-5.78341
-5.95486
-6.12106
-6.2802
-6.42966
-6.56542
-6.68097
-6.76524
-6.802
-6.76755
-6.62729
7.53042
7.34586
7.17199
7.00699
6.84777
6.69083
6.53337
6.37337
6.20992
6.04261
5.87148
5.69687
5.51914
5.33871
5.15595
4.97119
-5.03052
-5.2202
-5.40847
-5.59505
-5.77957
-5.9615
-6.14007
-6.31413
-6.48191
-6.64058
-6.78538
-6.909
-6.99867
-7.03455
-6.98611
7.70407
7.49657
7.30065
7.11474
6.93573
6.76031
6.58581
6.41047
6.23328
6.05383
5.87205
5.68811
5.50221
5.31462
5.12555
-4.98128
-5.17542
-5.36877
-5.56117
-5.7524
-5.94217
-6.13003
-6.31528
-6.49691
-6.67323
-6.84109
-6.99556
-7.12787
-7.22365
-7.25946
-7.19954
7.7885
7.57255
7.36567
7.16747
6.97551
6.78727
6.60049
6.41383
6.22645
6.03794
5.84819
5.65725
5.46523
5.27226
5.07846
-5.11443
-5.3113
-5.50773
-5.70361
-5.89882
-6.09312
-6.28617
-6.47743
-6.666
-6.85026
-7.02717
-7.19163
-7.33438
-7.43953
-7.47962
7.79696
7.58317
7.37401
7.17042
6.97122
6.77499
6.58025
6.386
6.19167
5.99694
5.80169
5.60592
5.40965
5.21294
5.01586
-5.03856
-5.23757
-5.43643
-5.63512
-5.83359
-6.03177
-6.22954
-6.42669
-6.62287
-6.8174
-7.00891
-7.19473
-7.36994
-7.5251
-7.64277
7.94191
7.74487
7.53961
7.33361
7.12953
6.9277
6.72758
6.5285
6.32993
6.13153
5.9331
5.73456
5.53588
5.33706
5.1381
-5.14913
-5.34904
-5.54894
-5.74881
-5.94867
-6.14849
-6.34827
-6.54797
-6.74748
-6.94649
-7.14415
-7.33845
-7.52509
-7.69484
-7.83048
7.82449
7.64557
7.4517
7.25218
7.05113
6.85003
6.6493
6.44892
6.24878
6.04878
5.84885
5.64893
5.44902
5.2491
5.04917
-5.04755
-5.24733
-5.44709
-5.64681
-5.84652
-6.04623
-6.24598
-6.44588
-6.64608
-6.84682
-7.0483
-7.25041
-7.45214
-7.65023
-7.8366
7.79544
7.67192
7.5099
7.32811
7.13682
6.94105
6.74321
6.54444
6.34523
6.14581
5.94626
5.74663
5.54694
5.34721
5.14744
-5.13304
-5.33156
-5.52988
-5.72798
-5.92586
-6.12354
-6.3211
-6.51875
-6.71688
-6.91612
-7.11732
-7.32131
-7.52831
-7.7365
-7.93975
7.60066
7.49397
7.34629
7.17612
6.9938
6.80479
6.61206
6.4172
6.22109
6.02418
5.82672
5.62887
5.43071
5.23231
5.03372
-5.00784
-5.20424
-5.40017
-5.59556
-5.79033
-5.98443
-6.17784
-6.37068
-6.56324
-6.75614
-6.95045
-7.14771
-7.34975
-7.55812
-7.77265
7.4199
7.39272
7.29739
7.16131
7.0018
6.82863
6.64734
6.46099
6.27149
6.07993
5.8869
5.69279
5.49784
5.30223
5.10609
-5.0669
-5.25971
-5.45156
-5.64231
-5.83179
-6.01987
-6.20646
-6.39165
-6.5758
-6.75972
-6.94489
-7.13346
-7.32817
-7.53163
-7.74532
7.12603
7.19899
7.17354
7.08568
6.95962
6.81019
6.64628
6.47319
6.29405
6.11094
5.92493
5.73674
5.54688
5.35568
5.16339
4.97018
-5.11031
-5.29807
-5.48419
-5.6684
-5.85042
-6.02999
-6.20691
-6.38118
-6.55316
-6.72379
-6.8948
-7.06878
-7.24899
-7.43875
-7.64035
6.72923
6.91449
6.97273
6.94563
6.86297
6.74521
6.60523
6.45062
6.28614
6.11489
5.93874
5.7589
5.5762
5.3912
5.20432
5.01588
-4.95363
-5.13694
-5.31807
-5.49666
-5.67229
-5.84453
-6.01291
-6.17709
-6.3369
-6.49263
-6.64519
-6.79633
-6.94874
-7.10567
-7.27046
-7.44473
6.54973
6.69769
6.73979
6.70992
6.63211
6.52217
6.39098
6.24551
6.08975
5.92653
5.75765
5.58434
5.40748
5.2277
5.0455
-4.96979
-5.14577
-5.31861
-5.4878
-5.65272
-5.81273
-5.96715
-6.11539
-6.25709
-6.3923
-6.52171
-6.64685
-6.77001
-6.89388
-7.02073
-7.15071
5.72622
6.12358
6.35894
6.47346
6.50146
6.46919
6.39549
6.2932
6.17092
6.03411
5.8869
5.73165
5.57006
5.40337
5.23247
5.05808
4.88074
-4.96884
-5.13599
-5.29885
-5.4567
-5.60875
-5.75409
-5.89178
-6.02095
-6.14091
-6.25137
-6.35261
-6.44559
-6.53181
-6.61275
-6.68889
-6.75784
5.18247
5.65824
5.97089
6.15497
6.24231
6.2593
6.22589
6.15647
6.06126
5.94726
5.81909
5.68007
5.53249
5.37801
5.21781
5.05283
4.88383
-4.7886
-4.95022
-5.10702
-5.25819
-5.40284
-5.53991
-5.66822
-5.78655
-5.89367
-5.98851
-6.07033
-6.13881
-6.19408
-6.23651
-6.26599
-6.28088
-6.27596
-6.24034
4.64725
5.17588
5.55015
5.79582
5.93991
6.00662
6.01568
5.98222
5.91731
5.82893
5.7226
5.60241
5.47113
5.33086
5.18312
5.02917
4.86993
-4.76249
-4.91357
-5.05854
-5.19642
-5.32607
-5.4462
-5.55534
-5.65195
-5.73442
-5.80128
-5.85123
-5.88322
-5.89646
-5.88993
-5.86216
-5.8088
-5.72342
-5.5916
3.43197
4.13665
4.69372
5.11213
5.40829
5.60319
5.71748
5.76922
5.77312
5.74058
5.68012
5.59802
5.49882
5.38587
5.26168
5.12815
4.98676
4.8387
-4.71953
-4.85879
-4.99056
-5.11365
-5.2267
-5.32817
-5.41632
-5.48927
-5.54507
-5.58179
-5.59757
-5.59065
-5.55927
-5.50133
-5.41366
-5.29087
-5.12444
-4.90247
-4.60979
2.17507
2.97332
3.65997
4.22514
4.6701
5.00425
5.24198
5.39935
5.49187
5.533
5.53374
5.50269
5.44647
5.37004
5.27717
5.17073
5.05294
4.92555
4.78998
-4.65978
-4.78608
-4.90341
-5.01042
-5.10552
-5.18695
-5.25269
-5.3006
-5.32839
-5.33373
-5.31425
-5.26759
-5.19124
-5.08222
-4.93637
-4.74778
-4.50866
-4.20905
-3.83748
-3.38249
-2.83515
-2.19301
-1.46417
-0.667421
0.168432
1.00978
1.82018
2.56185
3.21741
3.77594
4.23349
4.59376
4.86537
5.06001
5.18992
5.26673
5.30044
5.2993
5.26992
5.21748
5.146
5.05865
4.95792
4.84579
4.72392
4.59363
-4.58358
-4.69591
-4.79777
-4.88765
-4.96378
-5.02418
-5.06663
-5.08875
-5.088
-5.06175
-5.00726
-4.92177
-4.80231
-4.64535
-4.44692
-4.20096
-3.90179
-3.54208
-3.11492
-2.61579
-2.04234
-1.4002
-0.702091
0.0317096
0.775987
1.50399
2.18868
2.80724
3.34936
3.80842
4.18451
4.48149
4.707
4.86987
4.9796
5.04491
5.07326
5.07093
5.04309
4.99385
4.92655
4.84389
4.74807
4.6409
4.5239
-4.49151
-4.58905
-4.67467
-4.74667
-4.80316
-4.842
-4.86083
-4.85712
-4.82816
-4.77113
-4.68315
-4.56131
-4.40247
-4.2033
-3.96002
-3.66835
-3.32424
-2.92373
-2.46428
-1.94601
-1.37268
-0.753463
-0.102622
0.561138
1.21702
1.84506
2.42603
2.94652
3.39997
3.7834
4.09785
4.3474
4.5382
4.67733
4.77191
4.82843
4.8526
4.8493
4.82262
4.77592
4.71202
4.63326
4.5416
4.4387
-4.3844
-4.46657
-4.53541
-4.58913
-4.62573
-4.64297
-4.63843
-4.60951
-4.55348
-4.4675
-4.34878
-4.19446
-4.00167
-3.76772
-3.48939
-3.16443
-2.79079
-2.36748
-1.89563
-1.3785
-0.823125
-0.240169
0.356437
0.950791
1.52669
2.07009
2.56683
3.00955
3.39397
3.71936
3.98703
4.20075
4.36527
4.48617
4.56889
4.61834
4.63896
4.63461
4.60862
4.5638
4.50256
4.42697
4.33878
-4.2633
-4.32977
-4.38162
-4.41699
-4.43383
-4.42991
-4.4028
-4.34996
-4.26873
-4.15648
-4.01061
-3.8287
-3.60824
-3.34735
-3.04425
-2.69805
-2.30891
-1.878
-1.40881
-0.90685
-0.380522
0.159588
0.70116
1.23119
1.73761
2.21027
2.63894
3.02011
3.35096
3.63136
3.86282
4.04852
4.19248
4.29885
4.37179
4.41513
4.43243
4.4268
4.401
4.35742
4.29817
4.22507
-4.1295
-4.18018
-4.2151
-4.23239
-4.23003
-4.20582
-4.15744
-4.08249
-3.97856
-3.84328
-3.67448
-3.47016
-3.22867
-2.94893
-2.63044
-2.27371
-1.88042
-1.45353
-0.997853
-0.519982
-0.0283558
0.467302
0.956576
1.4292
1.87649
2.28992
2.66431
2.99626
3.28448
3.52914
3.7319
3.89529
4.02243
4.11661
4.18104
4.21883
4.23282
4.22561
4.19951
4.15661
4.09875
-3.98442
-4.01948
-4.03784
-4.03766
-4.017
-3.97378
-3.90584
-3.81105
-3.6873
-3.5326
-3.34532
-3.12401
-2.86789
-2.57669
-2.25095
-1.89246
-1.50384
-1.08915
-0.653835
-0.204717
0.250342
0.702864
1.14426
1.56664
1.96345
2.32823
2.65784
2.94986
3.20358
3.41933
3.59856
3.74343
3.85633
3.93988
3.99664
4.02915
4.03977
4.03067
4.00384
3.96112
-3.82964
-3.84949
-3.85192
-3.83517
-3.79741
-3.73677
-3.65132
-3.53921
-3.39873
-3.22838
-3.02699
-2.79388
-2.52883
-2.2325
-1.90628
-1.55262
-1.17497
-0.777801
-0.366716
0.0518127
0.47076
0.882924
1.28136
1.66009
2.0138
2.33804
2.63033
2.88925
3.11428
3.30594
3.46538
3.59431
3.69472
3.76867
3.8183
3.84568
3.85282
3.84156
-3.6668
-3.67208
-3.65944
-3.62726
-3.57388
-3.49763
-3.39689
-3.27015
-3.11611
-2.93375
-2.72245
-2.4821
-2.21316
-1.91689
-1.59531
-1.25135
-0.888786
-0.512231
-0.127048
0.260884
0.645457
1.02065
1.38091
1.72154
2.03826
2.32795
2.58879
2.81968
3.02037
3.19133
3.33357
3.44847
3.53761
3.60273
3.64559
3.66796
3.67151
-3.48913
-3.46249
-3.41622
-3.34884
-3.25896
-3.14525
-3.00658
-2.84207
-2.65114
-2.43369
-2.1901
-1.92138
-1.62924
-1.3161
-0.985119
-0.640152
-0.285678
0.0733593
0.43175
0.784267
1.12591
1.45223
1.75938
2.04406
2.30396
2.53766
2.74435
2.92391
3.07675
3.20372
3.30597
3.3848
3.44166
3.47806
3.49548
-3.30248
-3.26307
-3.20416
-3.12454
-3.02306
-2.89872
-2.75074
-2.57864
-2.38227
-2.16194
-1.91847
-1.65326
-1.36831
-1.06626
-0.750322
-0.424258
-0.092251
0.241242
0.571673
0.894597
1.20587
1.50191
1.77948
2.03606
2.2699
2.47983
2.66525
2.82611
2.96279
3.076
3.16668
3.23595
3.28504
-3.06302
-2.99305
-2.90297
-2.79192
-2.65921
-2.5044
-2.32734
-2.12828
-1.90786
-1.66724
-1.40806
-1.13252
-0.843302
-0.543576
-0.236885
0.072949
0.381967
0.68623
0.981965
1.26575
1.53457
1.78583
2.01752
2.22824
2.41705
2.58352
2.72763
2.8497
2.95034
3.03036
3.0907
-2.86407
-2.78461
-2.68586
-2.56721
-2.42826
-2.26888
-2.08922
-1.88983
-1.67164
-1.43601
-1.18476
-0.92015
-0.644841
-0.361847
-0.07445
0.213908
0.499741
0.779646
1.05043
1.30923
1.5535
1.78115
1.99056
2.18058
2.35045
2.49985
2.62878
2.73753
2.82662
-2.58037
-2.47466
-2.35028
-2.20706
-2.04514
-1.86493
-1.66721
-1.4531
-1.22412
-0.982173
-0.729494
-0.468656
-0.202476
0.0660498
0.333847
0.597861
0.855157
1.10303
1.33904
1.56107
1.7674
1.9567
2.12801
2.28076
2.41466
2.52973
-2.27058
-2.14219
-1.99647
-1.8338
-1.65479
-1.46038
-1.25184
-1.03076
-0.79905
-0.558898
-0.31273
-0.0631511
0.187132
0.435386
0.678941
0.915266
1.14205
1.35721
1.55899
1.74596
1.91699
2.07132
2.20846
-1.7971
-1.63522
-1.45886
-1.2691
-1.06726
-0.854987
-0.634135
-0.4068
-0.175248
0.0581372
0.290921
0.520685
0.745093
0.961961
1.1693
1.36534
1.54861
1.71789
1.87226
-1.27702
-1.09295
-0.898686
-0.695834
-0.486192
-0.271739
-0.054571
0.163147
0.379235
0.591555
0.798054
0.996854
1.18624
1.36469
-0.552303
-0.354027
-0.15236
0.0507791
0.253428
0.453634
