-4.91341
-4.91341
-4.9134
-4.9134
-4.9134
-4.9134
-4.9134
-4.9134
-4.91339
-4.74021
-4.74022
-4.74022
-4.74022
-4.74021
-4.74021
-4.7402
-4.7402
-4.74019
-4.74019
-4.74019
-4.74019
-4.74019
-4.74019
-4.74019
-4.74019
-4.56702
-4.56703
-4.56704
-4.56705
-4.56705
-4.56704
-4.56702
-4.56701
-4.567
-4.56699
-4.56698
-4.56698
-4.56697
-4.56697
-4.56697
-4.56697
-4.56697
-4.56698
-4.56697
-4.56698
-4.39381
-4.39383
-4.39384
-4.39387
-4.39389
-4.3939
-4.39391
-4.3939
-4.39388
-4.39384
-4.39382
-4.3938
-4.39378
-4.39376
-4.39375
-4.39375
-4.39374
-4.39374
-4.39375
-4.39375
-4.39376
-4.39376
-4.39377
-4.39377
-4.2206
-4.22062
-4.22065
-4.22068
-4.22072
-4.22076
-4.22079
-4.2208
-4.22081
-4.22079
-4.22072
-4.22067
-4.22062
-4.22058
-4.22055
-4.22052
-4.2205
-4.22048
-4.22048
-4.22048
-4.22049
-4.2205
-4.22052
-4.22053
-4.22054
-4.22055
-4.22056
-4.04741
-4.04744
-4.04748
-4.04753
-4.04759
-4.04766
-4.04774
-4.04778
-4.04779
-4.04778
-4.04772
-4.04759
-4.0475
-4.04742
-4.04734
-4.04727
-4.04722
-4.04718
-4.04716
-4.04715
-4.04717
-4.04719
-4.04722
-4.04726
-4.04728
-4.04731
-4.04733
-4.04734
-4.04735
-3.8742
-3.87423
-3.87427
-3.87433
-3.87441
-3.87451
-3.87462
-3.87475
-3.87486
-3.8749
-3.87491
-3.87485
-3.87466
-3.8745
-3.87434
-3.87418
-3.87402
-3.87389
-3.87379
-3.87373
-3.87371
-3.87372
-3.87376
-3.87382
-3.87388
-3.87395
-3.87401
-3.87405
-3.87409
-3.87412
-3.87413
-3.87414
-3.70099
-3.70101
-3.70104
-3.7011
-3.70119
-3.70131
-3.70147
-3.70166
-3.70187
-3.70208
-3.70224
-3.70226
-3.70223
-3.70206
-3.7017
-3.70142
-3.70111
-3.70081
-3.70053
-3.7003
-3.70014
-3.70006
-3.70005
-3.70011
-3.7002
-3.70033
-3.70046
-3.70058
-3.70069
-3.70078
-3.70084
-3.70088
-3.70091
-3.70093
-3.52779
-3.52782
-3.52787
-3.52795
-3.52807
-3.52825
-3.52848
-3.52878
-3.52912
-3.52949
-3.52982
-3.53001
-3.52998
-3.52982
-3.52932
-3.52882
-3.52828
-3.52773
-3.52718
-3.5267
-3.52633
-3.5261
-3.52601
-3.52606
-3.52621
-3.52642
-3.52667
-3.52692
-3.52714
-3.52732
-3.52746
-3.52757
-3.52764
-3.52769
-3.52772
-3.35459
-3.35463
-3.35469
-3.3548
-3.35497
-3.35522
-3.35556
-3.35601
-3.35654
-3.35714
-3.35774
-3.35821
-3.35833
-3.35818
-3.35774
-3.35681
-3.35592
-3.35494
-3.35394
-3.35301
-3.35223
-3.35168
-3.3514
-3.35137
-3.35156
-3.35189
-3.35232
-3.35278
-3.35321
-3.35359
-3.35389
-3.35411
-3.35427
-3.35438
-3.35445
-3.3545
-3.35452
-3.18137
-3.18139
-3.18144
-3.18152
-3.18166
-3.18189
-3.18223
-3.18272
-3.18336
-3.18416
-3.18509
-3.18607
-3.18696
-3.18757
-3.18751
-3.18701
-3.18589
-3.18437
-3.18277
-3.18106
-3.17937
-3.17786
-3.17668
-3.17595
-3.1757
-3.17585
-3.17631
-3.177
-3.1778
-3.1786
-3.17932
-3.17991
-3.18038
-3.18072
-3.18096
-3.18112
-3.18121
-3.18127
-3.18131
-3.00817
-3.0082
-3.00825
-3.00835
-3.00853
-3.00882
-3.00928
-3.00994
-3.01084
-3.012
-3.0134
-3.01493
-3.01648
-3.01766
-3.01832
-3.01773
-3.01653
-3.01425
-3.01173
-3.00894
-3.00605
-3.00334
-3.00103
-2.99941
-2.99857
-2.99854
-2.9991
-3.00008
-3.00138
-3.00276
-3.00409
-3.00521
-3.00611
-3.0068
-3.00729
-3.00763
-3.00784
-3.00797
-3.00805
-3.0081
-2.83496
-2.835
-2.83506
-2.83518
-2.8354
-2.83576
-2.83634
-2.83721
-2.83843
-2.84005
-2.84206
-2.84437
-2.84676
-2.84892
-2.85045
-2.85084
-2.84917
-2.84643
-2.84253
-2.83823
-2.83358
-2.82897
-2.82486
-2.82166
-2.81966
-2.81894
-2.81939
-2.82073
-2.82268
-2.82493
-2.82718
-2.8292
-2.83088
-2.83219
-2.83316
-2.83383
-2.83428
-2.83457
-2.83473
-2.83483
-2.83488
-2.66176
-2.6618
-2.66187
-2.66201
-2.66227
-2.6627
-2.66341
-2.66451
-2.66611
-2.66828
-2.67107
-2.67439
-2.67801
-2.68158
-2.68436
-2.68593
-2.68481
-2.68168
-2.67631
-2.66993
-2.66278
-2.65535
-2.64838
-2.64252
-2.63841
-2.63629
-2.6362
-2.63773
-2.64042
-2.64389
-2.64754
-2.651
-2.65396
-2.65635
-2.65817
-2.65948
-2.66037
-2.66094
-2.66129
-2.6615
-2.66161
-2.66166
-2.48856
-2.4886
-2.48868
-2.48884
-2.48913
-2.48964
-2.49048
-2.49182
-2.49381
-2.49662
-2.50033
-2.50491
-2.51018
-2.51549
-2.52028
-2.52358
-2.52441
-2.52093
-2.51432
-2.50526
-2.49478
-2.48348
-2.47228
-2.46235
-2.45469
-2.45005
-2.44846
-2.44965
-2.45314
-2.45809
-2.46376
-2.46931
-2.4743
-2.47847
-2.48172
-2.48413
-2.4858
-2.48691
-2.48761
-2.48803
-2.48827
-2.48839
-2.48845
-2.31536
-2.3154
-2.31548
-2.31565
-2.31597
-2.31654
-2.31751
-2.31908
-2.32149
-2.32497
-2.32972
-2.33578
-2.34297
-2.35074
-2.35821
-2.36411
-2.36714
-2.3657
-2.3578
-2.34574
-2.33109
-2.31463
-2.29764
-2.28178
-2.2687
-2.25964
-2.2552
-2.25525
-2.2591
-2.26573
-2.27388
-2.28242
-2.29041
-2.29732
-2.30288
-2.3071
-2.31012
-2.31217
-2.31349
-2.3143
-2.31478
-2.31504
-2.31518
-2.31524
-2.14215
-2.1422
-2.14229
-2.14247
-2.14281
-2.14343
-2.1445
-2.14628
-2.14907
-2.15322
-2.15906
-2.16675
-2.1762
-2.1869
-2.19779
-2.20735
-2.21366
-2.21479
-2.20811
-2.19339
-2.17342
-2.15056
-2.12591
-2.10184
-2.08088
-2.06505
-2.05566
-2.053
-2.05643
-2.06456
-2.07571
-2.08811
-2.10031
-2.11124
-2.12031
-2.12739
-2.13259
-2.13621
-2.13861
-2.14012
-2.14102
-2.14154
-2.14183
-2.14197
-2.14204
-1.96895
-1.969
-1.96908
-1.96927
-1.96962
-1.97027
-1.97142
-1.97337
-1.97649
-1.98125
-1.98813
-1.99751
-2.00942
-2.02346
-2.03853
-2.05281
-2.06377
-2.06871
-2.06496
-2.0491
-2.0243
-1.99311
-1.95898
-1.92421
-1.89241
-1.86678
-1.84967
-1.84205
-1.84353
-1.85254
-1.86682
-1.88393
-1.90163
-1.91811
-1.93224
-1.94358
-1.95216
-1.9583
-1.96247
-1.96516
-1.96682
-1.96779
-1.96833
-1.96863
-1.96877
-1.96884
-1.79574
-1.79579
-1.79588
-1.79605
-1.79641
-1.79708
-1.79827
-1.80033
-1.8037
-1.80896
-1.81676
-1.8277
-1.84207
-1.85965
-1.87943
-1.89937
-1.91646
-1.92699
-1.92731
-1.91412
-1.88442
-1.84513
-1.79906
-1.75135
-1.70555
-1.6666
-1.6381
-1.62238
-1.61956
-1.62807
-1.64506
-1.66734
-1.69179
-1.71546
-1.7365
-1.75391
-1.76746
-1.77743
-1.78436
-1.78895
-1.79186
-1.7936
-1.7946
-1.79515
-1.79544
-1.79558
-1.79565
-1.62258
-1.62266
-1.62284
-1.62319
-1.62385
-1.62503
-1.62714
-1.63065
-1.63625
-1.64473
-1.65699
-1.67365
-1.69473
-1.71945
-1.74576
-1.77031
-1.78835
-1.79496
-1.78556
-1.75669
-1.70814
-1.64934
-1.58578
-1.52395
-1.46747
-1.42343
-1.39566
-1.38514
-1.39074
-1.40918
-1.43646
-1.46844
-1.50087
-1.53076
-1.5563
-1.57678
-1.59226
-1.60332
-1.61084
-1.6157
-1.6187
-1.62046
-1.62145
-1.62198
-1.62226
-1.62239
-1.62246
-1.44936
-1.44945
-1.44962
-1.44993
-1.45058
-1.45174
-1.45383
-1.45738
-1.4631
-1.47203
-1.4852
-1.50365
-1.52782
-1.55727
-1.59018
-1.62301
-1.65039
-1.66588
-1.66322
-1.63736
-1.5859
-1.51372
-1.43284
-1.35092
-1.27396
-1.21065
-1.16565
-1.14333
-1.14243
-1.15978
-1.19066
-1.23012
-1.27234
-1.31282
-1.34862
-1.37821
-1.40124
-1.41817
-1.42995
-1.43775
-1.44271
-1.44568
-1.44739
-1.44834
-1.44883
-1.44908
-1.44921
-1.44926
-1.27615
-1.27622
-1.27637
-1.27668
-1.27728
-1.27841
-1.28031
-1.2838
-1.28952
-1.29855
-1.31209
-1.33169
-1.35835
-1.39189
-1.43106
-1.47243
-1.51049
-1.5372
-1.54471
-1.5257
-1.47606
-1.39606
-1.2974
-1.19388
-1.09313
-1.00644
-0.939462
-0.899716
-0.887701
-0.900314
-0.931936
-0.977163
-1.0291
-1.08131
-1.12913
-1.16995
-1.20276
-1.22753
-1.24527
-1.25728
-1.26512
-1.26995
-1.27277
-1.27438
-1.27525
-1.27569
-1.27591
-1.27602
-1.10293
-1.10299
-1.10311
-1.10338
-1.1039
-1.10493
-1.1068
-1.11012
-1.11557
-1.12426
-1.13792
-1.15793
-1.18584
-1.22232
-1.26672
-1.31607
-1.36487
-1.40479
-1.42592
-1.41864
-1.37579
-1.29608
-1.18568
-1.06066
-0.936046
-0.82156
-0.728743
-0.665497
-0.63625
-0.637729
-0.665305
-0.71296
-0.772418
-0.836032
-0.897001
-0.950835
-0.995319
-1.03005
-1.05562
-1.07346
-1.0853
-1.09283
-1.09735
-1.09996
-1.10141
-1.10217
-1.10255
-1.10274
-1.10282
-0.929757
-0.929859
-0.930071
-0.930509
-0.931371
-0.933015
-0.935972
-0.941139
-0.949606
-0.962668
-0.982065
-1.01023
-1.04844
-1.09642
-1.15229
-1.21105
-1.26472
-1.30185
-1.31089
-1.28166
-1.20873
-1.09749
-0.957892
-0.810007
-0.668552
-0.546775
-0.455545
-0.400304
-0.38416
-0.400155
-0.443817
-0.506393
-0.579214
-0.652843
-0.720589
-0.778411
-0.824915
-0.860169
-0.885478
-0.902669
-0.913896
-0.920815
-0.924891
-0.927208
-0.928454
-0.929095
-0.929412
-0.929567
-0.929634
-0.756531
-0.756609
-0.756783
-0.757131
-0.757832
-0.759201
-0.761751
-0.766276
-0.773901
-0.786158
-0.805041
-0.832255
-0.870058
-0.919451
-0.979796
-1.04658
-1.11263
-1.16688
-1.19583
-1.18692
-1.13044
-1.02605
-0.884905
-0.721679
-0.556833
-0.406897
-0.28491
-0.198163
-0.15471
-0.150222
-0.180782
-0.239664
-0.316051
-0.39951
-0.480406
-0.552144
-0.611697
-0.658223
-0.692585
-0.716638
-0.732644
-0.742795
-0.74895
-0.752492
-0.754459
-0.755491
-0.756014
-0.756268
-0.756395
-0.583312
-0.583369
-0.5835
-0.583775
-0.584341
-0.585458
-0.58759
-0.591458
-0.598037
-0.608815
-0.626025
-0.651693
-0.688348
-0.737473
-0.799242
-0.871103
-0.946915
-1.01648
-1.06623
-1.08136
-1.04899
-0.964521
-0.833241
-0.668595
-0.489454
-0.315714
-0.163742
-0.0445595
0.0343041
0.068629
0.0607236
0.0161453
-0.0557001
-0.142874
-0.233597
-0.318055
-0.390917
-0.449778
-0.494451
-0.526671
-0.548633
-0.563015
-0.571875
-0.577096
-0.580079
-0.581682
-0.582509
-0.58292
-0.583118
-0.583217
-0.410131
-0.41023
-0.410439
-0.410869
-0.411743
-0.413442
-0.416608
-0.422163
-0.431499
-0.446551
-0.469777
-0.50349
-0.550051
-0.610368
-0.684134
-0.766075
-0.848019
-0.916381
-0.956588
-0.955796
-0.900248
-0.79076
-0.638414
-0.458765
-0.272026
-0.095267
0.056134
0.171547
0.241863
0.26636
0.246698
0.190806
0.108237
0.0138921
-0.0802076
-0.165333
-0.236163
-0.291662
-0.332784
-0.361911
-0.381248
-0.393496
-0.400941
-0.405231
-0.407614
-0.408867
-0.409503
-0.409812
-0.409968
-0.410024
-0.23691
-0.236966
-0.237122
-0.23744
-0.238094
-0.239391
-0.241856
-0.24631
-0.253992
-0.266672
-0.286693
-0.31671
-0.359133
-0.415918
-0.487686
-0.571758
-0.661603
-0.745472
-0.80788
-0.834263
-0.81393
-0.739979
-0.614239
-0.449002
-0.262205
-0.0729489
0.103775
0.253649
0.363276
0.425842
0.439778
0.40903
0.342947
0.253121
0.155527
0.0619803
-0.0194473
-0.0854747
-0.135894
-0.172462
-0.197528
-0.213805
-0.223897
-0.229836
-0.233231
-0.235055
-0.235996
-0.236463
-0.236689
-0.236795
-0.0637236
-0.0638305
-0.0640575
-0.0645283
-0.0654828
-0.0673405
-0.0707716
-0.0768378
-0.0870918
-0.103655
-0.129146
-0.16627
-0.217348
-0.283922
-0.365344
-0.457578
-0.551765
-0.634468
-0.686861
-0.699364
-0.662797
-0.573612
-0.438115
-0.267165
-0.0787247
0.11079
0.287241
0.433938
0.536816
0.589087
0.591368
0.551482
0.476364
0.382726
0.286073
0.197202
0.122309
0.063231
0.0191335
-0.0119922
-0.0327317
-0.0459257
-0.0538722
-0.0584797
-0.0610332
-0.0623746
-0.0630565
-0.0633864
-0.0635503
-0.0636065
0.109502
0.109444
0.109284
0.108956
0.108282
0.106943
0.104408
0.0998199
0.0918787
0.0787443
0.0580252
0.0269539
-0.017058
-0.0760229
-0.150815
-0.239668
-0.336576
-0.431033
-0.506669
-0.549479
-0.54974
-0.500794
-0.402716
-0.260875
-0.0872305
0.101145
0.290163
0.464055
0.605473
0.698918
0.735804
0.724635
0.674768
0.594071
0.500979
0.409629
0.328732
0.26249
0.211645
0.174733
0.149387
0.132883
0.122661
0.11663
0.113218
0.111373
0.110421
0.109949
0.109722
0.109616
0.282692
0.282588
0.282367
0.28191
0.280983
0.279179
0.275846
0.269944
0.259952
0.243806
0.218962
0.182716
0.132703
0.067268
-0.0134317
-0.106304
-0.203583
-0.29353
-0.360916
-0.393836
-0.38316
-0.324705
-0.219789
-0.0742039
0.0994945
0.287657
0.474334
0.641226
0.771915
0.845225
0.868491
0.844006
0.783537
0.701462
0.613383
0.530591
0.459746
0.403538
0.361636
0.332038
0.312254
0.299652
0.292068
0.287686
0.285254
0.283974
0.283324
0.28301
0.282856
0.282802
0.455922
0.455867
0.455718
0.455419
0.454801
0.453575
0.451252
0.447045
0.439754
0.427691
0.408658
0.380085
0.339513
0.284853
0.215253
0.131613
0.0386435
-0.0548071
-0.137069
-0.194077
-0.216166
-0.194936
-0.128478
-0.0174097
0.130001
0.303889
0.488614
0.667066
0.819823
0.930244
0.986741
0.989662
0.951594
0.88463
0.804873
0.724586
0.652373
0.592867
0.547365
0.514434
0.49179
0.476917
0.46773
0.462339
0.45927
0.457604
0.456744
0.456319
0.456116
0.45602
0.629114
0.629023
0.628832
0.628437
0.627636
0.626077
0.623194
0.618085
0.609432
0.595445
0.573906
0.542394
0.498737
0.441496
0.370393
0.287548
0.198611
0.112967
0.0418575
-0.00346804
-0.0131475
0.0184377
0.0931861
0.208454
0.356506
0.526568
0.702495
0.864841
0.995576
1.07916
1.1117
1.09816
1.05033
0.98282
0.909073
0.839118
0.779054
0.731471
0.69591
0.670805
0.654048
0.643377
0.637092
0.633383
0.6313
0.630206
0.629652
0.629384
0.629256
0.629202
0.802297
0.802175
0.80193
0.801427
0.800427
0.798531
0.795095
0.789139
0.779279
0.763712
0.740315
0.706925
0.661848
0.604238
0.534587
0.456208
0.37512
0.300648
0.2427
0.212085
0.215452
0.256492
0.339377
0.457339
0.602588
0.762623
0.921738
1.05973
1.16164
1.21671
1.22607
1.19866
1.14643
1.08273
1.01823
0.959974
0.912099
0.875699
0.849413
0.831161
0.819206
0.811859
0.807501
0.805029
0.803692
0.803006
0.802664
0.802498
0.80242
0.975535
0.975471
0.97532
0.975016
0.9744
0.973199
0.970978
0.96704
0.960365
0.949569
0.932928
0.908525
0.874576
0.829913
0.774277
0.709193
0.638363
0.568354
0.507586
0.465209
0.449606
0.464998
0.517232
0.605418
0.722471
0.85831
1.0003
1.135
1.24344
1.31302
1.34102
1.33266
1.29701
1.24563
1.18917
1.13549
1.08948
1.05302
1.02592
1.00717
0.994707
0.986584
0.981673
0.978813
0.977222
0.976383
0.975954
0.975749
0.975647
1.14872
1.14864
1.14846
1.1481
1.14737
1.14599
1.14349
1.13916
1.13198
1.12063
1.10355
1.07911
1.04598
1.00353
0.952175
0.894026
0.833349
0.7764
0.730833
0.704818
0.703691
0.731853
0.792333
0.881114
0.990513
1.10957
1.22776
1.33399
1.40954
1.44993
1.45681
1.43659
1.39846
1.35194
1.30488
1.26257
1.22783
1.2013
1.18221
1.16919
1.16071
1.15568
1.15255
1.15075
1.14977
1.14926
1.149
1.14888
1.14882
1.32192
1.32181
1.3216
1.32118
1.32036
1.31884
1.31613
1.31154
1.30412
1.29266
1.27583
1.25236
1.22135
1.18273
1.13749
1.08818
1.03915
0.996264
0.966619
0.955654
0.967623
1.0059
1.06883
1.15159
1.2466
1.34393
1.4366
1.51266
1.55904
1.57666
1.56941
1.54383
1.5078
1.46859
1.4315
1.3998
1.37471
1.35614
1.34324
1.3347
1.32927
1.32603
1.32416
1.32313
1.32255
1.32226
1.32211
1.32204
1.49516
1.49511
1.49499
1.49475
1.49428
1.49339
1.49177
1.48896
1.4843
1.47693
1.46582
1.44991
1.42829
1.40051
1.36692
1.32895
1.28942
1.25253
1.22376
1.20794
1.20945
1.23095
1.27338
1.33344
1.40544
1.48226
1.55775
1.62519
1.67301
1.6969
1.69916
1.68438
1.65848
1.62756
1.59661
1.56895
1.54628
1.52898
1.51658
1.50817
1.50275
1.49947
1.49751
1.4964
1.4958
1.4955
1.49534
1.49526
1.66836
1.66829
1.66817
1.66791
1.66741
1.66648
1.66482
1.66202
1.65748
1.65045
1.64011
1.62569
1.60661
1.58286
1.55497
1.52493
1.49511
1.47011
1.45324
1.44823
1.45856
1.4849
1.52627
1.57843
1.63701
1.69598
1.7503
1.79419
1.82128
1.83002
1.82363
1.80655
1.78341
1.75882
1.73577
1.71612
1.70061
1.68918
1.68123
1.67601
1.67273
1.67078
1.66966
1.66905
1.66872
1.66855
1.66847
1.84155
1.84149
1.84135
1.84108
1.84057
1.83964
1.83802
1.83533
1.83107
1.82465
1.81544
1.80291
1.78684
1.76742
1.74556
1.7231
1.70264
1.68717
1.67959
1.68248
1.69732
1.72381
1.76002
1.80238
1.84659
1.88888
1.92485
1.95165
1.96403
1.96356
1.9537
1.93773
1.91917
1.90082
1.88454
1.87125
1.86113
1.85389
1.84902
1.84589
1.84399
1.84288
1.84226
1.84193
1.84177
1.84168
2.01475
2.01468
2.01454
2.01427
2.01377
2.01287
2.01135
2.00888
2.00505
1.99942
1.99155
1.98116
1.96822
1.95312
1.93693
1.92135
1.90839
1.90031
1.89915
1.90627
1.92214
1.94579
1.97509
2.007
2.03819
2.06667
2.08916
2.1036
2.10691
2.1023
2.09213
2.07888
2.06497
2.05204
2.04111
2.0325
2.02617
2.02178
2.01891
2.01712
2.01606
2.01547
2.01514
2.01497
2.01489
2.01484
2.18795
2.18788
2.18775
2.18749
2.18702
2.18619
2.18481
2.18263
2.17933
2.17459
2.16816
2.15992
2.14998
2.1389
2.12752
2.11758
2.11026
2.10726
2.10978
2.11817
2.13272
2.15199
2.1741
2.19653
2.21734
2.23538
2.24884
2.25479
2.25367
2.24803
2.23916
2.22907
2.21916
2.21052
2.20352
2.19817
2.19437
2.19182
2.19019
2.18921
2.18865
2.18833
2.18817
2.18809
2.18805
2.36116
2.36109
2.36096
2.36072
2.36029
2.35956
2.35837
2.35652
2.35379
2.35
2.345
2.33877
2.33156
2.32386
2.31655
2.31067
2.30722
2.3072
2.31119
2.31934
2.33124
2.34566
2.36108
2.37591
2.38911
2.40001
2.40707
2.40839
2.40567
2.40028
2.39341
2.38631
2.37977
2.37428
2.36997
2.36681
2.36463
2.36321
2.36232
2.36181
2.36152
2.36137
2.36129
2.36125
2.53436
2.53431
2.53419
2.53398
2.5336
2.53297
2.53198
2.53048
2.52833
2.52544
2.52171
2.51723
2.51226
2.50718
2.50285
2.49976
2.49863
2.50005
2.50412
2.51102
2.52
2.53014
2.54031
2.54971
2.55793
2.56388
2.56692
2.56616
2.56333
2.55893
2.554
2.54919
2.54506
2.54173
2.53919
2.53738
2.53618
2.53542
2.53496
2.5347
2.53456
2.53449
2.53445
2.70757
2.70752
2.70742
2.70724
2.70692
2.70641
2.70562
2.70446
2.70285
2.70073
2.69808
2.69499
2.69178
2.68871
2.6863
2.68493
2.68494
2.68679
2.69044
2.69575
2.70204
2.70872
2.71515
2.72085
2.7257
2.72848
2.72959
2.72819
2.7256
2.7223
2.71901
2.71604
2.71352
2.71156
2.71011
2.70913
2.7085
2.7081
2.70788
2.70776
2.70769
2.70765
2.88079
2.88074
2.88065
2.8805
2.88026
2.87986
2.87926
2.87841
2.87725
2.87577
2.87398
2.87201
2.87003
2.8683
2.86711
2.86668
2.86726
2.86902
2.87187
2.87556
2.87969
2.88385
2.8877
2.89119
2.89364
2.89511
2.89478
2.89346
2.89147
2.88929
2.88719
2.8854
2.88396
2.88286
2.88208
2.88157
2.88124
2.88105
2.88094
2.88089
2.88086
3.054
3.05396
3.05389
3.05377
3.05358
3.05329
3.05286
3.05226
3.05146
3.05048
3.04932
3.04813
3.04697
3.04606
3.0456
3.0456
3.04631
3.04773
3.04978
3.05221
3.05478
3.05728
3.05953
3.06157
3.06262
3.06323
3.06265
3.06154
3.06011
3.05872
3.05749
3.05645
3.05564
3.05504
3.05464
3.05438
3.05422
3.05413
3.05409
3.05406
3.22721
3.22718
3.22713
3.22704
3.2269
3.22669
3.22639
3.22599
3.22548
3.22485
3.22416
3.22343
3.22285
3.22243
3.22229
3.2225
3.22309
3.22413
3.22549
3.227
3.22852
3.22998
3.23136
3.23235
3.23276
3.23282
3.23233
3.23151
3.23061
3.22975
3.22904
3.22847
3.22803
3.22772
3.22752
3.2274
3.22732
3.22728
3.40042
3.4004
3.40036
3.4003
3.40021
3.40006
3.39987
3.39961
3.39929
3.39891
3.39851
3.39813
3.39784
3.39767
3.39769
3.39792
3.39839
3.39908
3.39991
3.4008
3.40167
3.40249
3.40332
3.4037
3.40384
3.40375
3.40332
3.40277
3.40222
3.40175
3.40135
3.40104
3.40082
3.40067
3.40057
3.40051
3.40048
3.57362
3.57359
3.57355
3.57349
3.5734
3.57328
3.57312
3.57293
3.57271
3.57249
3.57231
3.57218
3.57213
3.5722
3.57239
3.57271
3.57314
3.57363
3.57413
3.57462
3.57508
3.57552
3.57565
3.57567
3.57553
3.57522
3.57488
3.57456
3.5743
3.57409
3.57393
3.57382
3.57375
3.5737
3.57368
3.74683
3.74681
3.74679
3.74675
3.7467
3.74662
3.74653
3.74642
3.74631
3.7462
3.74612
3.74607
3.74606
3.74613
3.74627
3.74648
3.74672
3.747
3.74727
3.74754
3.74785
3.748
3.74804
3.74802
3.74788
3.74768
3.74748
3.74731
3.74717
3.74706
3.74698
3.74693
3.74689
3.92003
3.92002
3.92
3.91997
3.91993
3.91988
3.91982
3.91976
3.91971
3.91968
3.91966
3.91968
3.91973
3.91982
3.91994
3.92007
3.92022
3.92037
3.92052
3.92069
3.92073
3.92073
3.9207
3.9206
3.92048
3.92037
3.92028
3.92021
3.92015
3.92011
3.92009
4.09325
4.09324
4.09323
4.09321
4.09319
4.09316
4.09314
4.09311
4.09309
4.09308
4.09307
4.09309
4.09312
4.09318
4.09324
4.09332
4.09339
4.09347
4.09359
4.09364
4.09365
4.09364
4.09361
4.09354
4.09347
4.09341
4.09336
4.09333
4.0933
4.26645
4.26645
4.26644
4.26643
4.26642
4.26641
4.2664
4.26639
4.26638
4.26639
4.2664
4.26642
4.26645
4.26648
4.26652
4.26656
4.26661
4.26667
4.26668
4.26668
4.26667
4.26664
4.2666
4.26656
4.26653
4.26651
4.43966
4.43966
4.43965
4.43965
4.43965
4.43964
4.43964
4.43964
4.43964
4.43965
4.43966
4.43967
4.43969
4.43971
4.43973
4.43977
4.43979
4.43979
4.43979
4.43978
4.43975
4.43973
4.43971
4.61287
4.61287
4.61287
4.61287
4.61287
4.61287
4.61287
4.61287
4.61288
4.61289
4.61289
4.61291
4.61292
4.61294
4.61294
4.61294
4.61293
4.61293
4.61291
4.78608
4.78608
4.78608
4.78608
4.78608
4.78608
4.78609
4.78609
4.78609
4.7861
4.78611
4.78612
4.78611
4.78611
4.95929
4.95929
4.95929
4.95929
4.95929
4.9593
-4.94024
-5.00023
-5.04493
-5.07369
-5.08608
-5.08194
-5.06132
-5.02453
-4.97209
-4.76458
-4.87737
-4.97791
-5.06484
-5.13695
-5.19318
-5.23267
-5.25481
-5.25925
-5.24592
-5.21503
-5.16707
-5.10279
-5.02312
-4.92923
-4.8224
-4.70146
-4.83803
-4.96417
-5.07827
-5.17877
-5.26421
-5.33328
-5.38485
-5.41808
-5.43242
-5.42761
-5.40374
-5.36123
-5.30078
-5.22338
-5.13024
-5.02276
-4.90245
-4.7709
-4.62974
-4.42421
-4.58852
-4.74651
-4.89648
-5.03665
-5.16523
-5.28039
-5.38042
-5.46371
-5.52885
-5.5747
-5.60042
-5.60556
-5.59002
-5.5541
-5.49845
-5.42407
-5.33223
-5.22444
-5.10237
-4.96779
-4.82251
-4.66834
-4.50701
-4.24845
-4.42792
-4.60383
-4.77455
-4.93826
-5.09307
-5.23695
-5.36786
-5.48376
-5.58274
-5.66307
-5.72321
-5.76202
-5.77874
-5.77306
-5.74509
-5.6954
-5.62496
-5.5351
-5.42744
-5.30383
-5.16623
-5.01669
-4.85723
-4.68982
-4.51633
-4.33848
-4.22403
-4.41344
-4.60067
-4.78403
-4.96167
-5.13154
-5.29144
-5.4391
-5.57217
-5.68837
-5.78558
-5.8619
-5.9157
-5.94589
-5.95184
-5.93343
-5.89108
-5.82571
-5.73868
-5.63173
-5.50688
-5.36632
-5.21236
-5.0473
-4.87338
-4.69272
-4.50727
-4.31881
-4.1289
-3.98312
-4.18106
-4.37973
-4.57774
-4.77344
-4.96494
-5.15011
-5.32659
-5.49187
-5.64335
-5.77833
-5.89424
-5.98874
-6.05967
-6.10547
-6.1251
-6.11815
-6.08479
-6.02586
-5.9427
-5.83718
-5.7115
-5.56811
-5.40962
-5.23863
-5.05772
-4.8693
-4.67561
-4.47866
-4.28022
-4.08182
-3.88475
-3.71291
-3.91423
-4.1189
-4.32588
-4.53387
-4.74131
-4.94633
-5.14676
-5.34016
-5.52379
-5.69476
-5.85006
-5.98655
-6.10133
-6.19182
-6.25564
-6.29134
-6.29804
-6.27564
-6.22477
-6.14677
-6.04357
-5.91759
-5.77158
-5.60846
-5.43123
-5.24281
-5.04599
-4.84334
-4.63714
-4.42943
-4.22192
-4.01606
-3.81302
-3.6217
-3.82699
-4.0371
-4.25117
-4.46804
-4.6863
-4.90417
-5.11952
-5.32986
-5.53232
-5.72372
-5.90069
-6.05971
-6.19709
-6.30966
-6.39426
-6.44872
-6.47165
-6.46249
-6.42163
-6.3503
-6.25052
-6.12492
-5.97657
-5.80878
-5.62499
-5.42853
-5.22263
-5.01023
-4.79396
-4.57614
-4.35872
-4.14333
-3.93127
-3.72358
-3.51366
-3.72142
-3.93547
-4.15513
-4.37949
-4.6073
-4.83696
-5.06649
-5.29342
-5.51484
-5.72737
-5.92726
-6.11057
-6.27298
-6.41028
-6.51883
-6.59517
-6.63727
-6.64402
-6.61542
-6.55254
-6.45746
-6.33304
-6.18271
-6.01024
-5.81957
-5.61454
-5.39883
-5.17585
-4.94863
-4.71981
-4.49163
-4.26592
-4.04413
-3.8274
-3.61656
-3.41221
-3.18858
-3.38925
-3.59783
-3.8141
-4.03761
-4.26772
-4.50344
-4.74344
-4.98595
-5.22868
-5.46877
-5.70277
-5.92662
-6.13578
-6.32559
-6.49075
-6.62644
-6.72829
-6.79298
-6.81872
-6.80495
-6.75255
-6.6636
-6.54123
-6.38931
-6.21215
-6.01426
-5.8001
-5.57386
-5.33946
-5.10038
-4.85964
-4.61981
-4.38294
-4.15069
-3.92429
-3.70464
-3.49236
-3.28782
-3.05057
-3.24922
-3.45683
-3.67341
-3.8988
-4.13262
-4.37424
-4.62267
-4.87647
-5.13367
-5.39163
-5.64693
-5.89537
-6.13202
-6.35121
-6.54742
-6.71397
-6.8454
-6.93665
-6.98494
-6.98898
-6.94926
-6.86795
-6.74847
-6.59526
-6.41327
-6.20776
-5.98387
-5.74637
-5.49974
-5.24793
-4.99441
-4.74206
-4.49325
-4.2498
-4.0131
-3.78413
-3.56352
-3.35165
-3.14865
-2.89965
-3.09457
-3.29935
-3.51421
-3.73927
-3.9745
-4.21965
-4.47415
-4.73703
-5.00678
-5.28115
-5.55701
-5.83019
-6.09542
-6.34642
-6.5762
-6.778
-6.94341
-7.06603
-7.141
-7.16621
-7.14161
-7.06935
-6.95335
-6.79882
-6.61163
-6.39788
-6.16352
-5.91402
-5.65442
-5.38917
-5.12215
-4.8566
-4.59516
-4.3399
-4.09237
-3.85363
-3.62436
-3.40493
-3.19542
-2.99575
-2.7371
-2.92659
-3.12661
-3.33763
-3.56004
-3.79416
-4.04015
-4.29794
-4.56714
-4.84685
-5.13546
-5.43036
-5.72769
-6.02211
-6.30684
-6.57367
-6.81435
-7.01903
-7.17842
-7.28512
-7.33546
-7.32861
-7.26668
-7.15433
-6.99779
-6.80429
-6.58113
-6.33529
-6.07301
-5.79982
-5.52068
-5.23977
-4.96066
-4.68623
-4.41881
-4.16011
-3.91134
-3.67321
-3.4461
-3.23006
-3.02493
-2.8304
-2.56441
-2.7468
-2.94017
-3.14519
-3.36254
-3.59286
-3.83676
-4.09469
-4.36693
-4.65336
-4.95321
-5.26472
-5.5847
-5.90815
-6.22799
-6.53506
-6.81856
-7.06807
-7.27067
-7.41535
-7.49561
-7.5094
-7.45881
-7.34936
-7.18905
-6.98697
-6.75232
-6.49336
-6.21723
-5.93004
-5.63697
-5.34239
-5.04997
-4.76281
-4.48339
-4.21364
-3.95488
-3.70796
-3.47326
-3.25083
-3.04045
-2.84172
-2.6541
-2.38322
-2.55693
-2.74182
-2.93876
-3.14863
-3.37242
-3.61112
-3.86576
-4.13732
-4.42657
-4.73381
-5.05844
-5.39841
-5.74953
-6.10494
-6.45477
-6.78635
-7.08541
-7.33854
-7.52903
-7.64528
-7.68329
-7.64469
-7.53633
-7.36868
-7.1539
-6.90388
-6.62898
-6.33749
-6.03597
-5.72955
-5.42241
-5.11801
-4.81938
-4.52906
-4.24911
-3.98105
-3.72587
-3.48404
-3.25566
-3.04045
-2.83796
-2.64756
-2.46855
-2.19531
-2.35889
-2.53361
-2.72047
-2.92056
-3.1351
-3.36548
-3.61323
-3.88005
-4.16766
-4.47761
-4.81076
-5.16665
-5.54256
-5.93252
-6.32657
-6.71048
-7.06648
-7.37632
-7.62149
-7.78239
-7.84935
-7.82349
-7.71301
-7.53201
-7.29732
-7.02528
-6.72962
-6.42025
-6.104
-5.7856
-5.46832
-5.15487
-4.84768
-4.54905
-4.26105
-3.98539
-3.72327
-3.47539
-3.24193
-3.02269
-2.81717
-2.62469
-2.44444
-2.2756
-2.00253
-2.15472
-2.31776
-2.49274
-2.68088
-2.88361
-3.10262
-3.33988
-3.59775
-3.87888
-4.18612
-4.52206
-4.88826
-5.28415
-5.70557
-6.1434
-6.58256
-7.00225
-7.37791
-7.68654
-7.90233
-7.40784
-7.10276
-6.77808
-6.4463
-6.11455
-5.78637
-5.46324
-5.14599
-4.83559
-4.53352
-4.2416
-3.96167
-3.69524
-3.44332
-3.20639
-2.98444
-2.77703
-2.58347
-2.40293
-2.23447
-2.07717
-1.80678
-1.9465
-2.09657
-2.2581
-2.4324
-2.62102
-2.82583
-3.04918
-3.29392
-3.56356
-3.86219
-4.19421
-4.56355
-4.97243
-5.41953
-5.89784
-6.39274
-6.88119
-7.33308
-6.38984
-6.04051
-5.70554
-5.38306
-5.07051
-4.76572
-4.46844
-4.17969
-3.90127
-3.63505
-3.3826
-3.14489
-2.92234
-2.71475
-2.52159
-2.34204
-2.17512
-2.01986
-1.87528
-1.73636
-1.87241
-2.01921
-2.17807
-2.35059
-2.53872
-2.74504
-2.97277
-3.22605
-3.51
-3.83078
-4.19481
-4.60751
-5.07137
-5.58304
-6.13021
-6.68924
-5.50798
-5.19519
-4.89975
-4.61406
-4.33435
-4.05998
-3.79232
-3.53365
-3.28629
-3.0521
-2.83222
-2.62703
-2.43633
-2.2595
-2.09564
-1.94376
-1.80285
-1.67191
-1.52636
-1.64763
-1.77872
-1.92088
-2.07571
-2.24517
-2.43185
-2.63917
-2.8716
-3.13517
-3.43725
-3.78662
-4.19213
-4.66069
-5.19407
-5.78453
-6.41069
-4.59613
-4.3488
-4.10534
-3.86199
-3.61903
-3.37907
-3.1454
-2.92122
-2.7089
-2.50986
-2.32452
-2.15274
-1.99391
-1.84709
-1.71133
-1.58561
-1.46899
-1.31848
-1.42445
-1.53916
-1.66379
-1.79979
-1.94908
-2.11394
-2.29814
-2.5061
-2.74417
-3.02047
-3.34587
-3.7324
-4.19115
-4.73016
-5.34844
-6.03042
-3.93027
-3.74892
-3.55976
-3.36115
-3.15593
-2.94843
-2.74373
-2.54599
-2.3584
-2.18246
-2.01886
-1.86757
-1.72793
-1.59912
-1.48021
-1.37026
-1.11454
-1.205
-1.30299
-1.40956
-1.52601
-1.65407
-1.79603
-1.95516
-2.13575
-2.34401
-2.58911
-2.88217
-3.23755
-3.67071
-4.19591
-4.82033
-3.22627
-3.12231
-2.99456
-2.84536
-2.68118
-2.5091
-2.33587
-2.1669
-2.00584
-1.8546
-1.71406
-1.58422
-1.46454
-1.3543
-1.25265
-1.15874
-0.991174
-1.07241
-1.16079
-1.25743
-1.3638
-1.48192
-1.61467
-1.76628
-1.94264
-2.1518
-2.40524
-2.71941
-3.11258
-3.60326
-4.20762
-2.51541
-2.49217
-2.42685
-2.32791
-2.20547
-2.06969
-1.92895
-1.78989
-1.65635
-1.53065
-1.41381
-1.30589
-1.2065
-1.11501
-1.0307
-0.95286
-0.784688
-0.849386
-0.919786
-0.996764
-1.08152
-1.17572
-1.28181
-1.40337
-1.54571
-1.71663
-1.92746
-2.19253
-2.53213
-2.96901
-3.52678
-1.82664
-1.87841
-1.87157
-1.81983
-1.7376
-1.63746
-1.52934
-1.42021
-1.31448
-1.21453
-1.12146
-1.03544
-0.956241
-0.883347
-0.816193
-0.586998
-0.635616
-0.6885
-0.746318
-0.809983
-0.880788
-0.960675
-1.05257
-1.16079
-1.29204
-1.45691
-1.66909
-1.94835
-2.31813
-2.80513
-3.43377
-1.1804
-1.29599
-1.33968
-1.32997
-1.28499
-1.21877
-1.14238
-1.06264
-0.98421
-0.909623
-0.839897
-0.775366
-0.715898
-0.661146
-0.610687
-0.432491
-0.46857
-0.507996
-0.5514
-0.599717
-0.654374
-0.717637
-0.792971
-0.885898
-1.00498
-1.16295
-1.37677
-1.66972
-2.06885
-2.60584
-0.59289
-0.756456
-0.839533
-0.865336
-0.853909
-0.819288
-0.772573
-0.721068
-0.669
-0.618806
-0.571578
-0.527725
-0.487236
-0.449922
-0.415479
-0.241148
-0.26129
-0.283317
-0.307586
-0.334685
-0.365566
-0.401804
-0.44599
-0.502363
-0.577717
-0.68254
-0.831896
-1.0458
-1.35043
-1.7771
0.239705
-0.0667994
-0.262575
-0.375606
-0.431091
-0.448451
-0.442466
-0.423622
-0.398555
-0.371428
-0.344338
-0.318427
-0.294163
-0.271659
-0.25086
-0.0676537
-0.073426
-0.0798761
-0.0872843
-0.096181
-0.107544
-0.123095
-0.145854
-0.180875
-0.236254
-0.324238
-0.461868
-0.671601
-0.982036
-1.42471
0.723384
0.399488
0.185123
0.0505025
-0.0286757
-0.0711915
-0.0911628
-0.0978661
-0.0974471
-0.0934618
-0.0879078
-0.0818851
-0.0759105
-0.0702276
-0.0648808
0.111659
0.120903
0.130829
0.141437
0.152545
0.163692
0.173894
0.181238
0.18227
0.171155
0.138648
0.0710874
-0.0498968
-0.248065
-0.552634
1.59544
1.13591
0.810429
0.587504
0.438424
0.340308
0.275843
0.232732
0.20277
0.180737
0.163522
0.149306
0.137052
0.126174
0.116339
0.299189
0.324005
0.350885
0.379939
0.411111
0.444011
0.477652
0.509941
0.537034
0.552466
0.54617
0.503832
0.406583
0.230368
-0.0517684
1.9272
1.48866
1.17231
0.947904
0.789017
0.675335
0.591768
0.528092
0.477308
0.435061
0.398713
0.36662
0.33779
0.311577
0.287584
0.461249
0.499459
0.540865
0.58581
0.634542
0.687135
0.743295
0.802021
0.861097
0.916407
0.961107
0.984786
0.973337
0.908244
0.767852
2.7441
2.20049
1.79219
1.49118
1.26927
1.10349
0.976513
0.876379
0.794573
0.725346
0.665175
0.611806
0.563769
0.520093
0.480098
0.657247
0.711495
0.770351
0.834287
0.903703
0.978805
1.0594
1.1445
1.23185
1.31724
1.39379
1.45142
1.47685
1.45388
1.36408
3.55323
2.924
2.43372
2.05914
1.77368
1.55432
1.38257
1.2443
1.13
1.03233
0.947003
0.871184
0.802902
0.740831
0.684019
0.631767
0.863151
0.934051
1.011
1.0946
1.1854
1.28376
1.38956
1.5019
1.61856
1.73546
1.84609
1.94122
2.00942
2.03753
2.01211
4.3164
3.62981
3.07395
2.63514
2.29208
2.0219
1.80536
1.62836
1.48029
1.35323
1.24194
1.14286
1.0536
0.972435
0.898162
0.829864
0.996377
1.07761
1.16556
1.26097
1.36461
1.47714
1.59904
1.73031
1.87015
2.01651
2.16565
2.31176
2.44705
2.56247
2.6484
2.69798
4.29022
3.69276
3.20478
2.81145
2.49433
2.23649
2.02269
1.84135
1.68485
1.54727
1.42456
1.31389
1.21322
1.12108
1.03634
1.20187
1.29903
1.40416
1.51812
1.64178
1.77595
1.92118
2.0776
2.24453
2.42018
2.60133
2.78314
2.95948
3.12389
3.27069
3.39806
5.58163
4.88142
4.26844
3.74987
3.31934
2.9638
2.66848
2.41998
2.20744
2.0229
1.85957
1.71344
1.5814
1.46118
1.35105
1.24971
1.15611
1.41255
1.52555
1.6477
1.77995
1.92323
2.07844
2.24622
2.42676
2.61957
2.82315
3.03485
3.25091
3.46689
3.67867
3.88388
4.08437
6.05161
5.38864
4.78482
4.25561
3.80254
3.41847
3.09278
2.8145
2.57369
2.36242
2.17475
2.00619
1.85342
1.71398
1.58607
1.46823
1.35929
1.5073
1.6266
1.75512
1.89382
2.04369
2.20576
2.38091
2.56984
2.7728
2.98942
3.21848
3.45792
3.70492
3.95642
4.21009
4.4656
4.72639
5.0013
6.41304
5.80608
5.23158
4.71018
4.24962
3.84866
3.50106
3.19873
2.93367
2.69891
2.48894
2.29932
2.12684
1.969
1.82391
1.68998
1.56598
1.70871
1.84206
1.98547
2.13991
2.3064
2.48594
2.67942
2.88749
3.11044
3.34792
3.59897
3.86194
4.13467
4.4151
4.70165
4.99513
5.29788
5.6169
7.196
6.67725
6.1362
5.60509
5.1064
4.65212
4.24571
3.88519
3.56575
3.28158
3.02713
2.79759
2.58908
2.39852
2.2235
2.06213
1.91283
1.77435
1.91015
2.05684
2.21423
2.38328
2.56498
2.76027
2.96995
3.19461
3.43443
3.68908
3.95767
4.23874
4.5305
4.83113
5.13945
5.45536
5.78005
6.11499
6.46073
7.66888
7.29661
6.85898
6.38627
5.90656
5.44133
5.00454
4.60313
4.23867
3.90936
3.61179
3.34205
3.09642
2.87167
2.66511
2.47455
2.2982
2.13457
1.98241
2.10971
2.26876
2.43895
2.62117
2.81632
3.02524
3.24858
3.48676
3.73982
4.00731
4.28823
4.58113
4.88414
5.19533
5.51301
5.83572
6.16198
6.48951
6.81413
7.12816
7.41903
7.66881
7.85561
7.95802
7.95957
7.85165
7.63847
7.3375
6.97316
6.56672
6.14109
5.71567
5.30465
4.91684
4.55646
4.22433
3.91926
3.63905
3.38121
3.14333
2.92328
2.71919
2.52951
2.35288
2.18811
2.03417
2.30542
2.47563
2.65718
2.85085
3.0574
3.2775
3.51161
3.75991
4.02219
4.29777
4.58545
4.88349
5.18977
5.50186
5.81694
6.1322
6.44379
6.74668
7.03372
7.29498
7.51748
7.68609
7.78548
7.80339
7.73268
7.57306
7.3335
7.03262
6.68764
6.3154
5.93261
5.55259
5.18487
4.83534
4.5068
4.1999
3.91411
3.64816
3.40057
3.16983
2.95456
2.75347
2.56542
2.38938
2.2244
2.4953
2.67529
2.86654
3.06971
3.28538
3.51398
3.75573
4.01053
4.27784
4.55669
4.84552
5.14223
5.44421
5.7483
6.05078
6.34741
6.63282
6.9004
7.14191
7.34734
7.50561
7.60563
7.63802
7.59692
7.48113
7.29469
7.04852
6.75826
6.43653
6.09653
5.75026
5.40708
5.07366
4.75412
4.45062
4.16393
3.894
3.64024
3.40184
3.17793
2.96759
2.76994
2.58415
2.40942
2.67747
2.86566
3.0648
3.27536
3.4977
3.732
3.97818
4.2358
4.504
4.78143
5.06613
5.35559
5.64665
5.9355
6.21775
6.48822
6.74081
6.96842
7.16309
7.31606
7.41902
7.46469
7.44826
7.36805
7.22608
7.02873
6.7864
6.51107
6.21243
5.90077
5.58477
5.27124
4.96506
4.6694
4.38611
4.11611
3.85969
3.61672
3.38683
3.16954
2.96428
2.77045
2.58741
2.85014
3.04484
3.24993
3.46567
3.69218
3.92934
4.17677
4.43369
4.69889
4.97062
5.24657
5.52377
5.79867
6.06706
6.3241
6.56427
6.78141
6.96874
7.11934
7.22643
7.28435
7.28889
7.23826
7.13346
6.97797
6.77892
6.5449
6.28526
6.00773
5.72014
5.42898
5.13941
4.85523
4.57905
4.31258
4.05683
3.8123
3.57913
3.35728
3.14648
2.94642
2.75666
3.01166
3.21112
3.42017
3.63886
3.86705
4.10433
4.35001
4.60298
4.86168
5.12404
5.3874
5.64851
5.90358
6.14819
6.3774
6.58583
6.76773
6.91726
7.02886
7.09771
7.12023
7.09452
7.02076
6.90102
6.73997
6.54363
6.31984
6.07505
5.81595
5.54852
5.27784
5.00796
4.74198
4.48219
4.23015
3.9869
3.75308
3.52901
3.3148
3.11038
2.91556
3.16059
3.36302
3.57406
3.79353
4.02101
4.25585
4.49704
4.74318
4.99242
5.24243
5.49032
5.7327
5.96569
6.18489
6.38559
6.5629
6.71175
6.8274
6.90569
6.94345
6.93872
6.89111
6.80191
6.67379
6.5116
6.32036
6.10649
5.87529
5.63213
5.38174
5.12821
4.87488
4.62438
4.37872
4.13936
3.90733
3.68333
3.46778
3.26088
3.06268
3.29571
3.49936
3.71047
3.92864
4.15322
4.38329
4.6176
4.8545
5.09192
5.32736
5.55781
5.77989
5.98974
6.18328
6.35622
6.50422
6.62317
6.70934
6.75983
6.77271
6.74722
6.6839
6.58451
6.45223
6.29122
6.10596
5.9015
5.68241
5.453
5.21718
4.97831
4.73921
4.50218
4.26897
4.04096
3.81915
3.60425
3.39671
3.41604
3.61922
3.8286
4.04357
4.26328
4.48658
4.71201
4.93775
5.16159
5.38094
5.59281
5.7939
5.98061
6.14922
6.29596
6.41722
6.50969
6.57067
6.59824
6.59138
6.55012
6.47556
6.36966
6.23569
6.0771
5.8979
5.70223
5.4939
5.2765
5.05333
4.82723
4.60063
4.37551
4.15347
3.93577
3.72335
3.51692
3.72197
3.92798
4.13807
4.3512
4.56605
4.78102
4.99417
5.20323
5.40562
5.59846
5.77863
5.94288
6.08792
6.21056
6.30785
6.37729
6.41697
6.42572
6.40322
6.34998
6.26735
6.15745
6.02324
5.86775
5.69448
5.50686
5.30814
5.1014
4.88941
4.67462
4.45914
4.24473
4.03281
3.82455
3.62082
3.80728
4.00846
4.2122
4.41733
4.62241
4.82573
5.02533
5.21893
5.40403
5.57794
5.7378
5.88074
6.00394
6.10474
6.18085
6.23042
6.25219
6.24555
6.21063
6.14826
6.05985
5.94765
5.81412
5.66206
5.49447
5.31426
5.12423
4.92701
4.72503
4.52039
4.31494
4.11024
3.90758
4.07014
4.26633
4.46233
4.65664
4.84752
5.03299
5.21086
5.37879
5.53429
5.67481
5.79787
5.9011
5.98237
6.03993
6.07246
6.07921
6.05998
6.01519
5.94584
5.8534
5.73998
5.60777
5.45927
5.29707
5.12369
4.94157
4.753
4.56006
4.36461
4.16827
3.97244
4.1134
4.30106
4.48709
4.66995
4.8479
5.01903
5.18128
5.33246
5.47036
5.59274
5.69749
5.78267
5.8466
5.88799
5.90596
5.90012
5.87057
5.81793
5.74324
5.64807
5.53422
5.40373
5.25882
5.10175
4.93472
4.75986
4.57917
4.39447
4.20741
4.31719
4.49266
4.66365
4.82849
4.98536
5.13234
5.26745
5.38874
5.49429
5.58234
5.65132
5.69995
5.72731
5.73286
5.71647
5.67847
5.61958
5.54089
5.44388
5.3302
5.20172
5.06038
4.90818
4.74706
4.5789
4.40544
4.4802
4.63917
4.79095
4.93384
5.0661
5.18599
5.29177
5.38185
5.45476
5.50929
5.54447
5.55968
5.55464
5.52943
5.48451
5.42066
5.33899
5.24086
5.1278
5.00149
4.86368
4.71611
4.56052
4.73687
4.86626
4.98452
5.09009
5.18152
5.25747
5.31675
5.35843
5.38182
5.38653
5.37248
5.33989
5.28932
5.22156
5.13771
5.03903
4.92692
4.80289
4.66852
4.88935
4.9816
5.05982
5.12293
5.16999
5.20029
5.21336
5.20901
5.18729
5.14854
5.09335
5.02256
4.93717
4.83837
4.97977
5.01589
5.03614
5.0402
5.02803
4.99979
